959.9939,539.9942
959.9939,539.99426
959.9939,539.9943
959.9939,539.9944
959.9939,539.99445
959.9939,539.9945
959.9939,539.99457
959.9939,539.9946
959.9939,539.9947
959.9939,539.99475
959.9939,539.9948
959.9939,539.9949
959.9939,539.99493
959.9939,539.995
959.9939,539.99506
959.9939,539.9951
959.9939,539.9952
959.9939,539.99524
959.9939,539.9953
959.9939,539.99536
959.9939,539.9954
959.9939,539.9955
959.9939,539.99554
959.9939,539.9956
959.9939,539.99567
959.9939,539.9957
959.9939,539.9958
959.9939,539.99585
959.9939,539.9959
959.9939,539.996
959.9939,539.99603
959.9939,539.9961
959.9939,539.99615
959.9939,539.9962
959.9939,539.9963
959.9939,539.99634
959.9939,539.9964
959.9939,539.99646
959.9939,539.9965
959.9939,539.9966
959.9939,539.99664
959.9939,539.9967
959.9939,539.99677
959.9939,539.9968
959.9939,539.9969
959.9939,539.99695
959.9939,539.997
959.9939,539.9971
959.9939,539.99713
959.9939,539.9972
959.9939,539.99725
959.9939,539.9973
959.9939,539.9974
959.9939,539.99744
959.9939,539.9975
959.9939,539.99756
959.9939,539.9976
959.9939,539.9977
959.9939,539.99774
959.9939,539.9978
959.9939,539.99786
959.9939,539.9979
959.9939,539.998
959.9939,539.99805
959.9939,539.9981
959.9939,539.99817
959.9939,539.9982
959.9939,539.9983
959.9939,539.99835
959.9939,539.9984
959.9939,539.9985
959.9939,539.99854
959.9939,539.9986
959.9939,539.99866
959.9939,539.9987
959.9939,539.9988
959.9939,539.99884
959.9939,539.9989
959.9939,539.99896
959.9939,539.999
959.9939,539.9991
959.9939,539.99915
959.9939,539.9992
959.9939,539.99927
959.9939,539.9993
959.9939,539.9994
959.9939,539.99945
959.9939,539.9995
959.9939,539.9996
959.9939,539.99963
959.9939,539.9997
959.9939,539.99976
959.9939,539.9998
959.9939,539.9999
959.9939,539.99994
959.9939,540.0
959.9939,540.00006
959.9939,540.0001
959.9939,540.0002
959.9939,540.00024
959.9939,540.0003
959.9939,540.00037
959.9939,540.0004
959.9939,540.0005
959.9939,540.00055
959.9939,540.0006
959.9939,540.0007
959.9939,540.00073
959.9939,540.0008
959.9939,540.00085
959.9939,540.0009
959.9939,540.001
959.9939,540.00104
959.9939,540.0011
959.9939,540.00116
959.9939,540.0012
959.9939,540.0013
959.9939,540.00134
959.9939,540.0014
959.9939,540.00146
959.9939,540.0015
959.9939,540.0016
959.9939,540.00165
959.9939,540.0017
959.9939,540.0018
959.9939,540.00183
959.9939,540.0019
959.9939,540.00195
959.9939,540.002
959.9939,540.0021
959.9939,540.00214
959.9939,540.0022
959.9939,540.00226
959.9939,540.0023
959.9939,540.0024
959.9939,540.00244
959.9939,540.0025
959.9939,540.00256
959.9939,540.0026
959.9939,540.0027
959.9939,540.00275
959.9939,540.0028
959.9939,540.00287
959.9939,540.0029
959.9939,540.003
959.9939,540.00305
959.9939,540.0031
959.9939,540.0032
959.9939,540.00323
959.9939,540.0033
959.9939,540.00336
959.9939,540.0034
959.9939,540.0035
959.9939,540.00354
959.9939,540.0036
959.9939,540.00366
959.9939,540.0037
959.9939,540.0038
959.9939,540.00385
959.9939,540.0039
959.9939,540.00397
959.9939,540.004
959.9939,540.0041
959.9939,540.00415
959.9939,540.0042
959.9939,540.0043
959.9939,540.00433
959.9939,540.0044
959.9939,540.00446
959.9939,540.0045
959.9939,540.0046
959.9939,540.00464
959.9939,540.0047
959.9939,540.00476
959.9939,540.0048
959.9939,540.0049
959.9939,540.00494
959.9939,540.005
959.9939,540.00507
959.9939,540.0051
959.9939,540.0052
959.9939,540.00525
959.9939,540.0053
959.9939,540.0054
959.9939,540.00543
959.9939,540.0055
959.9939,540.00555
959.9939,540.0056
959.9939,540.0057
959.9939,540.00574
959.9939,540.0058
959.9939,540.00586
959.9939,540.0059
959.9939,540.006
959.9939,540.00604
959.9939,540.0061
959.9939,540.0061
959.9939,540.0061
959.9939,540.0061
959.9939,540.0061
959.9939,540.0061
959.9939,540.0061
959.9939,540.0061
959.9939,540.0061
959.9939,540.0061
959.9939,540.0061
959.9939,540.0061
959.9939,540.0061
959.9939,540.0061
959.9939,540.0061
959.9939,540.0061
959.9939,540.0061
959.9939,540.0061
959.9939,540.0061
959.9939,540.0061
959.9939,540.0061
959.9939,540.0061
959.9939,540.0061
959.9939,540.0061
959.9939,540.0061
959.9939,540.0061
959.9939,540.0061
959.9939,540.0061
959.9939,540.0061
959.9939,540.0061
959.9939,540.0061
959.9939,540.0061
959.9939,540.0061
959.9939,540.0061
959.9939,540.0061
959.9939,540.0061
959.9939,540.0061
959.9939,540.0061
959.9939,540.0061
959.9939,540.0061
959.9939,540.0061
959.9939,540.0061
959.9939,540.0061
959.9939,540.0061
959.9939,540.0061
959.9939,540.0061
959.9939,540.0061
959.9939,540.0061
959.9939,540.0061
959.9939,540.0061
959.9939,540.0061
959.9939,540.0061
959.9939,540.0061
959.9939,540.0061
959.9939,540.0061
959.9939,540.0061
959.9939,540.0061
959.9939,540.0061
959.9939,540.0061
959.9939,540.0061
959.9939,540.0061
959.9939,540.0061
959.9939,540.0061
959.9939,540.0061
959.9939,540.0061
959.9939,540.0061
959.9939,540.0061
959.9939,540.0061
959.9939,540.0061
959.9939,540.0061
959.9939,540.0061
959.9939,540.0061
959.9939,540.0061
959.9939,540.0061
959.9939,540.0061
959.9939,540.0061
959.9939,540.0061
959.9939,540.0061
959.9939,540.0061
959.9939,540.0061
959.9939,540.0061
959.9939,540.0061
959.9939,540.0061
959.9939,540.0061
959.9939,540.0061
959.9939,540.0061
959.9939,540.0061
959.9939,540.0061
959.9939,540.0061
959.9939,540.0061
959.9939,540.0061
959.9939,540.0061
959.9939,540.0061
959.9939,540.0061
959.9939,540.0061
959.9939,540.0061
959.9939,540.0061
959.9939,540.0061
959.9939,540.0061
959.9939,540.0061
959.9939,540.0061
959.9939,540.0061
959.9939,540.0061
959.9939,540.0061
959.9939,540.0061
959.9939,540.0061
959.9939,540.0061
959.9939,540.0061
959.9939,540.0061
959.9939,540.0061
959.9939,540.0061
959.9939,540.0061
959.9939,540.0061
959.9939,540.0061
959.9939,540.0061
959.9939,540.0061
959.9939,540.0061
959.9939,540.0061
959.9939,540.0061
959.9939,540.0061
959.9939,540.0061
959.9939,540.0061
959.9939,540.0061
959.9939,540.0061
959.9939,540.0061
959.9939,540.0061
959.9939,540.0061
959.9939,540.0061
959.9939,540.0061
959.9939,540.0061
959.9939,540.0061
959.9939,540.0061
959.9939,540.0061
959.9939,540.0061
959.9939,540.0061
959.9939,540.0061
959.9939,540.0061
959.9939,540.0061
959.9939,540.0061
959.9939,540.0061
959.9939,540.0061
959.9939,540.0061
959.9939,540.0061
959.9939,540.0061
959.9939,540.0061
959.9939,540.0061
959.9939,540.0061
959.9939,540.0061
959.9939,540.0061
959.9939,540.0061
959.9939,540.0061
959.9939,540.0061
959.9939,540.0061
959.9939,540.0061
959.9939,540.0061
959.9939,540.0061
959.9939,540.0061
959.9939,540.0061
959.9939,540.0061
959.9939,540.0061
959.9939,540.0061
959.9939,540.0061
959.9939,540.0061
959.9939,540.0061
959.9939,540.0061
959.9939,540.0061
959.9939,540.0061
959.9939,540.0061
959.9939,540.0061
959.9939,540.0061
959.9939,540.0061
959.9939,540.0061
959.9939,540.0061
959.9939,540.0061
959.9939,540.0061
959.9939,540.0061
959.9939,540.0061
959.9939,540.0061
959.9939,540.0061
959.9939,540.0061
959.9939,540.0061
959.9939,540.0061
959.9939,540.0061
959.9939,540.0061
959.9939,540.0061
959.9939,540.0061
959.9939,540.0061
959.9939,540.0061
959.9939,540.0061
959.9939,540.0061
959.9939,540.0061
959.9939,540.0061
959.9939,540.0061
959.9939,540.0061
959.9939,540.0061
959.9939,540.0061
959.9939,540.0061
959.9939,540.00604
959.9939,540.006
959.9939,540.0059
959.9939,540.00586
959.9939,540.0058
959.9939,540.00574
959.9939,540.0057
959.9939,540.0056
959.9939,540.00555
959.9939,540.0055
959.9939,540.00543
959.9939,540.0054
959.9939,540.0053
959.9939,540.00525
959.9939,540.0052
959.9939,540.0051
959.9939,540.00507
959.9939,540.005
959.9939,540.00494
959.9939,540.0049
959.9939,540.0048
959.9939,540.00476
959.9939,540.0048
959.9939,540.0049
959.9939,540.00494
959.9939,540.005
959.9939,540.00507
959.9939,540.0051
959.9939,540.0052
959.9939,540.00525
959.9939,540.0053
959.9939,540.0054
959.9939,540.00543
959.9939,540.0055
959.9939,540.00555
959.9939,540.0056
959.9939,540.0057
959.9939,540.00574
959.9939,540.0058
959.9939,540.00586
959.9939,540.0059
959.9939,540.006
959.9939,540.00604
959.9939,540.0061
959.9939,540.0061
959.9939,540.0061
959.9939,540.0061
959.9939,540.0061
959.9939,540.0061
959.9939,540.0061
959.9939,540.0061
959.9939,540.0061
959.9939,540.0061
959.9939,540.0061
959.9939,540.0061
959.9939,540.0061
959.9939,540.0061
959.9939,540.0061
959.9939,540.0061
959.9939,540.0061
959.9939,540.0061
959.9939,540.0061
959.9939,540.0061
959.9939,540.0061
959.9939,540.0061
959.9939,540.0061
959.9939,540.0061
959.9939,540.0061
959.9939,540.0061
959.9939,540.0061
959.9939,540.0061
959.9939,540.0061
959.9939,540.0061
959.9939,540.00604
959.9939,540.006
959.9939,540.0059
959.9939,540.00586
959.9939,540.0058
959.9939,540.00574
959.9939,540.0057
959.9939,540.0056
959.9939,540.00555
959.9939,540.0055
959.9939,540.00543
959.9939,540.0054
959.9939,540.0053
959.9939,540.00525
959.9939,540.0052
959.9939,540.0051
959.9939,540.00507
959.9939,540.005
959.9939,540.00494
959.9939,540.0049
959.9939,540.0048
959.9939,540.00476
959.9939,540.0047
959.9939,540.00464
959.9939,540.0046
959.9939,540.0045
959.9939,540.00446
959.9939,540.0044
959.9939,540.00433
959.9939,540.0043
959.9939,540.0042
959.9939,540.00415
959.9939,540.0041
959.9939,540.004
959.9939,540.00397
959.9939,540.0039
959.9939,540.00385
959.9939,540.0038
959.9939,540.0037
959.9939,540.00366
959.9939,540.0036
959.9939,540.00354
959.9939,540.0035
959.9939,540.0034
959.9939,540.00336
959.99396,540.0033
959.994,540.00323
959.9941,540.0032
959.99414,540.0031
959.9942,540.00305
959.99426,540.003
959.9943,540.0029
959.9944,540.00287
959.99445,540.0028
959.9945,540.00275
959.99457,540.0027
959.9946,540.0026
959.9947,540.00256
959.99475,540.0025
959.9948,540.00244
959.9949,540.0024
959.99493,540.0023
959.995,540.00226
959.99506,540.0022
959.9951,540.00214
959.9952,540.0021
959.99524,540.002
959.9953,540.00195
959.99536,540.0019
959.9954,540.00183
959.9955,540.0018
959.99554,540.0017
959.9956,540.00165
959.99567,540.0016
959.9957,540.0015
959.9958,540.00146
959.99585,540.0014
959.9959,540.00134
959.996,540.0013
959.99603,540.0012
959.9961,540.00116
959.99615,540.0011
959.9962,540.00104
959.9963,540.001
959.99634,540.0009
959.9964,540.00085
959.99646,540.0008
959.9965,540.00073
959.9966,540.0007
959.99664,540.0006
959.9967,540.00055
959.99677,540.0005
959.9968,540.0004
959.9969,540.00037
959.99695,540.0003
959.997,540.00024
959.9971,540.0002
959.99713,540.0001
959.9972,540.00006
959.99725,540.0
959.9973,539.99994
959.9974,539.9999
959.99744,539.9998
959.9975,539.99976
959.99756,539.9997
959.9976,539.99963
959.9977,539.9996
959.99774,539.9995
959.9978,539.99945
959.99786,539.9994
959.9979,539.9993
959.998,539.99927
959.99805,539.9992
959.9981,539.99915
959.99817,539.9991
959.9982,539.999
959.9983,539.99896
959.99835,539.9989
959.9984,539.99884
959.9985,539.9988
959.99854,539.9987
959.9986,539.99866
959.99866,539.9986
959.9987,539.99854
959.9988,539.9985
959.99884,539.9984
959.9989,539.99835
959.99896,539.9983
959.999,539.9982
959.9991,539.99817
959.99915,539.9981
959.9992,539.99805
959.99927,539.998
959.9993,539.9979
959.9994,539.99786
959.99945,539.9978
959.9995,539.99774
959.9996,539.9977
959.99963,539.9976
959.9997,539.99756
959.99976,539.9975
959.9998,539.99744
959.9999,539.9974
959.99994,539.9973
960.0,539.99725
960.00006,539.9972
960.0001,539.99713
960.0002,539.9971
960.00024,539.997
960.0003,539.99695
960.00037,539.9969
960.0004,539.9968
960.0005,539.99677
960.00055,539.9967
960.0006,539.99664
960.0007,539.9966
960.00073,539.9965
960.0008,539.99646
960.00085,539.9964
960.0009,539.99634
960.001,539.9963
960.00104,539.9962
960.0011,539.99615
960.00116,539.9961
960.0012,539.99603
960.0013,539.996
960.00134,539.9959
960.0014,539.99585
960.00146,539.9958
960.0015,539.9957
960.0016,539.99567
960.00165,539.9956
960.0017,539.99554
960.0018,539.9955
960.00183,539.9954
960.0019,539.99536
960.00195,539.9953
960.002,539.99524
960.0021,539.9952
960.00214,539.9951
960.00214,539.99506
960.0021,539.995
960.002,539.99493
960.00195,539.9949
960.0019,539.9948
960.00183,539.99475
960.0018,539.9947
960.0017,539.9946
960.00165,539.99457
960.0016,539.9945
960.0015,539.99445
960.00146,539.9944
960.0014,539.9943
960.00134,539.99426
960.0013,539.9942
960.0012,539.99414
960.00116,539.9941
960.0011,539.994
960.00104,539.99396
960.001,539.9939
960.0009,539.9939
960.00085,539.9939
960.0008,539.9939
960.00073,539.9939
960.0007,539.9939
960.0006,539.9939
960.00055,539.9939
960.0005,539.9939
960.0004,539.9939
960.00037,539.9939
960.0003,539.9939
960.00024,539.9939
960.0002,539.9939
960.0001,539.9939
960.00006,539.9939
960.0,539.9939
959.99994,539.9939
959.9999,539.9939
959.9998,539.9939
959.99976,539.9939
959.9997,539.9939
959.99963,539.9939
959.9996,539.9939
959.9995,539.9939
959.99945,539.9939
959.9994,539.9939
959.9993,539.9939
959.99927,539.9939
959.9992,539.9939
959.99915,539.9939
959.9991,539.9939
959.999,539.9939
959.99896,539.9939
959.9989,539.9939
959.99884,539.9939
959.9988,539.9939
959.9987,539.9939
959.99866,539.9939
959.9986,539.9939
959.99854,539.9939
959.9985,539.9939
959.9984,539.9939
959.99835,539.9939
959.9983,539.9939
959.9982,539.9939
959.99817,539.9939
959.9981,539.9939
959.99805,539.9939
959.998,539.9939
959.9979,539.9939
959.99786,539.9939
959.9979,539.9939
959.998,539.9939
959.99805,539.9939
959.9981,539.9939
959.99817,539.9939
959.9982,539.9939
959.9983,539.9939
959.99835,539.9939
959.9984,539.9939
959.9985,539.9939
959.99854,539.9939
959.9986,539.9939
959.99866,539.9939
959.9987,539.9939
959.9988,539.9939
959.99884,539.9939
959.9989,539.9939
959.99896,539.9939
959.999,539.9939
959.9991,539.9939
959.99915,539.9939
959.9992,539.9939
959.99927,539.9939
959.9993,539.9939
959.9994,539.9939
959.99945,539.9939
959.9995,539.9939
959.9996,539.9939
959.99963,539.9939
959.9997,539.9939
959.99976,539.9939
959.9998,539.9939
959.9999,539.9939
959.99994,539.9939
960.0,539.9939
960.00006,539.9939
960.0001,539.9939
960.0002,539.9939
960.00024,539.9939
960.0003,539.9939
960.00037,539.9939
960.0004,539.9939
960.0004,539.9939
960.00037,539.9939
960.0003,539.9939
960.00024,539.9939
960.0002,539.9939
960.0001,539.9939
960.00006,539.9939
960.0,539.9939
959.99994,539.9939
959.9999,539.9939
959.9998,539.9939
959.99976,539.9939
959.9997,539.9939
959.99963,539.9939
959.9996,539.9939
959.9995,539.9939
959.99945,539.9939
959.9994,539.9939
959.9993,539.9939
959.99927,539.9939
959.9992,539.9939
959.99915,539.9939
959.9991,539.9939
959.999,539.9939
959.99896,539.9939
959.9989,539.9939
959.99884,539.9939
959.9988,539.9939
959.9987,539.9939
959.99866,539.9939
959.9986,539.9939
959.99854,539.9939
959.9985,539.9939
959.9984,539.9939
959.99835,539.9939
959.9983,539.9939
959.9982,539.9939
959.99817,539.9939
959.9981,539.9939
959.99805,539.9939
959.998,539.9939
959.998,539.9939
959.99805,539.9939
959.9981,539.9939
959.99817,539.9939
959.9982,539.9939
959.9983,539.9939
959.99835,539.9939
959.9984,539.9939
959.9985,539.9939
959.99854,539.9939
959.9986,539.9939
959.99866,539.9939
959.9987,539.9939
959.9988,539.9939
959.99884,539.9939
959.9989,539.9939
959.99896,539.9939
959.999,539.9939
959.9991,539.9939
959.99915,539.9939
959.9992,539.9939
959.99927,539.9939
959.9993,539.9939
959.9994,539.9939
959.99945,539.9939
959.9995,539.9939
959.9996,539.9939
959.99963,539.9939
959.9997,539.9939
959.99976,539.9939
959.9998,539.9939
959.9999,539.9939
959.99994,539.9939
960.0,539.9939
960.00006,539.9939
960.0001,539.9939
960.0002,539.9939
960.00024,539.9939
960.0003,539.9939
960.00037,539.9939
960.0004,539.9939
960.0005,539.9939
960.00055,539.9939
960.0006,539.9939
960.0007,539.9939
960.00073,539.9939
960.0008,539.9939
960.00085,539.9939
960.0009,539.9939
960.001,539.9939
960.00104,539.9939
960.0011,539.9939
960.00116,539.9939
960.0012,539.9939
960.0013,539.9939
960.00134,539.9939
960.0014,539.9939
960.00146,539.9939
960.0015,539.9939
960.0016,539.9939
960.00165,539.9939
960.0017,539.9939
960.0018,539.9939
960.00183,539.9939
960.0019,539.9939
960.00195,539.9939
960.002,539.9939
960.0021,539.9939
960.00214,539.9939
960.0022,539.9939
960.00226,539.9939
960.0023,539.9939
960.0024,539.9939
960.00244,539.9939
960.0025,539.9939
960.00256,539.9939
960.0026,539.9939
960.0027,539.9939
960.00275,539.9939
960.0028,539.9939
960.00287,539.9939
960.0029,539.9939
960.003,539.9939
960.00305,539.9939
960.0031,539.9939
960.0032,539.9939
960.00323,539.9939
960.0033,539.9939
960.00336,539.9939
960.0034,539.9939
960.0035,539.9939
960.00354,539.9939
960.0036,539.9939
960.00366,539.9939
960.0037,539.9939
960.0038,539.9939
960.00385,539.9939
960.0039,539.9939
960.00397,539.9939
960.004,539.9939
960.0041,539.9939
960.00415,539.9939
960.0042,539.9939
960.0043,539.9939
960.00433,539.9939
960.0044,539.9939
960.00446,539.9939
960.0045,539.9939
960.0046,539.9939
960.00464,539.9939
960.0047,539.9939
960.00476,539.9939
960.0048,539.9939
960.0049,539.9939
960.00494,539.9939
960.005,539.9939
960.00507,539.9939
960.0051,539.9939
960.0052,539.9939
960.00525,539.9939
960.0053,539.9939
960.0054,539.9939
960.00543,539.9939
960.0055,539.9939
960.00555,539.9939
960.0056,539.9939
960.0057,539.9939
960.00574,539.9939
960.0058,539.9939
960.00586,539.9939
960.0059,539.9939
960.006,539.9939
960.00604,539.9939
960.0061,539.9939
960.0061,539.9939
960.0061,539.9939
960.0061,539.9939
960.0061,539.9939
960.0061,539.9939
960.0061,539.9939
960.0061,539.9939
960.0061,539.9939
960.0061,539.9939
960.0061,539.9939
960.0061,539.9939
960.0061,539.9939
960.0061,539.9939
960.0061,539.9939
960.0061,539.9939
960.0061,539.9939
960.0061,539.9939
960.0061,539.9939
960.0061,539.9939
960.0061,539.9939
960.0061,539.9939
960.0061,539.9939
960.0061,539.9939
960.0061,539.9939
960.0061,539.9939
960.0061,539.9939
960.0061,539.9939
960.0061,539.9939
960.0061,539.9939
960.0061,539.9939
960.0061,539.9939
960.0061,539.9939
960.0061,539.9939
960.0061,539.9939
960.0061,539.9939
960.0061,539.9939
960.0061,539.9939
960.0061,539.9939
960.0061,539.9939
960.0061,539.9939
960.0061,539.9939
960.0061,539.9939
960.0061,539.9939
960.0061,539.9939
960.0061,539.9939
960.0061,539.9939
960.0061,539.9939
960.0061,539.9939
960.0061,539.9939
960.0061,539.9939
960.0061,539.9939
960.0061,539.9939
960.0061,539.9939
960.0061,539.9939
960.0061,539.9939
960.0061,539.9939
960.0061,539.9939
960.0061,539.9939
960.0061,539.9939
960.0061,539.9939
960.0061,539.9939
960.0061,539.9939
960.0061,539.9939
960.0061,539.9939
960.0061,539.9939
960.0061,539.9939
960.0061,539.9939
960.0061,539.9939
960.0061,539.9939
960.0061,539.9939
960.0061,539.9939
960.0061,539.9939
960.0061,539.9939
960.0061,539.9939
960.0061,539.9939
960.0061,539.9939
960.0061,539.9939
960.0061,539.9939
960.0061,539.9939
960.0061,539.9939
960.0061,539.9939
960.0061,539.9939
960.0061,539.9939
960.0061,539.9939
960.0061,539.9939
960.0061,539.9939
960.0061,539.9939
960.0061,539.9939
960.0061,539.9939
960.0061,539.9939
960.0061,539.9939
960.0061,539.9939
960.0061,539.9939
960.0061,539.9939
960.0061,539.9939
960.0061,539.9939
960.0061,539.9939
960.0061,539.9939
960.0061,539.9939
960.0061,539.9939
960.0061,539.9939
960.0061,539.9939
960.0061,539.9939
960.0061,539.9939
960.0061,539.9939
960.0061,539.9939
960.0061,539.9939
960.0061,539.9939
960.0061,539.9939
960.0061,539.9939
960.0061,539.9939
960.0061,539.9939
960.0061,539.9939
960.0061,539.9939
960.0061,539.9939
960.0061,539.9939
960.0061,539.9939
960.0061,539.9939
960.0061,539.9939
960.0061,539.9939
960.0061,539.9939
960.0061,539.9939
960.0061,539.9939
960.0061,539.9939
960.0061,539.9939
960.0061,539.9939
960.0061,539.9939
960.0061,539.9939
960.0061,539.9939
960.0061,539.9939
960.0061,539.9939
960.0061,539.9939
960.0061,539.9939
960.0061,539.9939
960.0061,539.9939
960.0061,539.9939
960.0061,539.9939
960.0061,539.9939
960.0061,539.9939
960.0061,539.9939
960.0061,539.9939
960.0061,539.9939
960.0061,539.9939
960.0061,539.9939
960.0061,539.9939
960.0061,539.9939
960.0061,539.9939
960.0061,539.9939
960.0061,539.9939
960.0061,539.9939
960.0061,539.9939
960.0061,539.9939
960.0061,539.9939
960.0061,539.9939
960.0061,539.9939
960.0061,539.9939
960.0061,539.9939
960.0061,539.9939
960.0061,539.9939
960.0061,539.9939
960.0061,539.9939
960.0061,539.9939
960.0061,539.9939
960.0061,539.9939
960.0061,539.9939
960.0061,539.9939
960.0061,539.9939
960.0061,539.9939
960.0061,539.9939
960.0061,539.9939
960.0061,539.9939
960.0061,539.9939
960.0061,539.9939
960.0061,539.9939
960.0061,539.9939
960.0061,539.9939
960.0061,539.9939
960.0061,539.9939
960.0061,539.9939
960.0061,539.9939
960.0061,539.9939
960.0061,539.9939
960.0061,539.9939
960.0061,539.9939
960.0061,539.9939
960.0061,539.9939
960.0061,539.9939
960.0061,539.9939
960.0061,539.9939
960.0061,539.9939
960.0061,539.9939
960.0061,539.9939
960.0061,539.9939
960.0061,539.9939
960.0061,539.9939
960.0061,539.9939
960.0061,539.9939
960.0061,539.9939
960.0061,539.9939
960.0061,539.9939
960.0061,539.9939
960.0061,539.9939
960.0061,539.9939
960.0061,539.9939
960.0061,539.9939
960.0061,539.9939
960.0061,539.9939
960.0061,539.9939
960.0061,539.9939
960.0061,539.9939
960.0061,539.9939
960.0061,539.9939
960.0061,539.9939
960.0061,539.9939
960.0061,539.9939
960.0061,539.9939
960.0061,539.9939
960.0061,539.9939
960.0061,539.9939
960.0061,539.9939
960.0061,539.9939
960.0061,539.9939
960.0061,539.9939
960.0061,539.9939
960.0061,539.9939
960.0061,539.9939
960.0061,539.9939
960.0061,539.9939
960.0061,539.9939
960.0061,539.9939
960.0061,539.9939
960.0061,539.9939
960.0061,539.9939
960.0061,539.9939
960.0061,539.9939
960.0061,539.9939
960.0061,539.9939
960.0061,539.9939
960.0061,539.9939
960.0061,539.9939
960.0061,539.9939
960.0061,539.9939
960.0061,539.9939
960.0061,539.9939
960.0061,539.9939
960.0061,539.9939
960.0061,539.9939
960.0061,539.9939
960.0061,539.9939
960.0061,539.9939
960.0061,539.9939
960.0061,539.9939
960.0061,539.9939
960.0061,539.9939
960.0061,539.9939
960.0061,539.9939
960.0061,539.9939
960.0061,539.9939
960.0061,539.9939
960.0061,539.9939
960.0061,539.9939
960.0061,539.9939
960.0061,539.9939
960.0061,539.9939
960.0061,539.9939
960.0061,539.9939
960.0061,539.9939
960.0061,539.9939
960.0061,539.9939
960.0061,539.9939
960.0061,539.9939
960.0061,539.9939
960.0061,539.9939
960.0061,539.9939
960.0061,539.9939
960.0061,539.9939
960.0061,539.9939
960.0061,539.9939
960.0061,539.9939
960.0061,539.9939
960.0061,539.9939
960.0061,539.9939
960.0061,539.9939
960.0061,539.9939
960.0061,539.9939
960.0061,539.9939
960.0061,539.9939
960.0061,539.9939
960.0061,539.9939
960.0061,539.9939
960.0061,539.9939
960.0061,539.9939
960.0061,539.9939
960.0061,539.9939
960.0061,539.9939
960.0061,539.9939
960.0061,539.9939
960.0061,539.9939
960.0061,539.9939
960.0061,539.9939
960.0061,539.9939
960.0061,539.9939
960.0061,539.9939
960.0061,539.9939
960.0061,539.9939
960.0061,539.9939
960.0061,539.9939
960.0061,539.9939
960.0061,539.9939
960.0061,539.9939
960.0061,539.9939
960.0061,539.9939
960.0061,539.9939
960.0061,539.9939
960.0061,539.9939
960.0061,539.9939
960.0061,539.9939
960.0061,539.9939
960.0061,539.9939
960.0061,539.9939
960.0061,539.9939
960.0061,539.9939
960.0061,539.9939
960.0061,539.9939
960.0061,539.9939
960.0061,539.9939
960.0061,539.9939
960.0061,539.9939
960.0061,539.9939
960.0061,539.9939
960.0061,539.9939
960.0061,539.9939
960.0061,539.9939
960.0061,539.9939
960.0061,539.9939
960.0061,539.9939
960.0061,539.9939
960.0061,539.9939
960.0061,539.9939
960.0061,539.9939
960.0061,539.9939
960.0061,539.9939
960.0061,539.9939
960.0061,539.9939
960.0061,539.9939
960.0061,539.9939
960.0061,539.9939
960.0061,539.9939
960.0061,539.9939
960.0061,539.9939
960.0061,539.9939
960.0061,539.9939
960.0061,539.9939
960.0061,539.9939
960.0061,539.9939
960.0061,539.9939
960.0061,539.9939
960.0061,539.9939
960.0061,539.9939
960.0061,539.9939
960.0061,539.9939
960.0061,539.9939
960.0061,539.9939
960.0061,539.9939
960.0061,539.9939
960.0061,539.9939
960.0061,539.9939
960.0061,539.9939
960.0061,539.9939
960.0061,539.9939
960.0061,539.9939
960.0061,539.9939
960.0061,539.9939
960.0061,539.9939
960.0061,539.9939
960.0061,539.9939
960.0061,539.9939
960.0061,539.9939
960.0061,539.9939
960.0061,539.9939
960.0061,539.9939
960.0061,539.9939
960.0061,539.9939
960.0061,539.9939
960.0061,539.9939
960.0061,539.9939
960.0061,539.9939
960.0061,539.9939
960.0061,539.9939
960.0061,539.9939
960.0061,539.9939
960.0061,539.9939
960.0061,539.9939
960.0061,539.9939
960.0061,539.9939
960.0061,539.9939
960.0061,539.9939
960.0061,539.9939
960.0061,539.9939
960.0061,539.9939
960.0061,539.9939
960.0061,539.9939
960.0061,539.9939
960.0061,539.9939
960.0061,539.9939
960.0061,539.9939
960.0061,539.9939
960.0061,539.9939
960.0061,539.9939
960.0061,539.9939
960.0061,539.9939
960.0061,539.9939
960.0061,539.9939
960.0061,539.9939
960.0061,539.9939
960.0061,539.9939
960.0061,539.9939
960.0061,539.9939
960.0061,539.9939
960.0061,539.9939
960.0061,539.9939
960.0061,539.9939
960.0061,539.9939
960.0061,539.9939
960.0061,539.9939
960.0061,539.9939
960.0061,539.9939
960.0061,539.9939
960.0061,539.9939
960.0061,539.9939
960.0061,539.9939
960.0061,539.9939
960.0061,539.9939
960.0061,539.9939
960.0061,539.9939
960.0061,539.9939
960.0061,539.9939
960.0061,539.9939
960.0061,539.9939
960.0061,539.9939
960.0061,539.9939
960.0061,539.9939
960.0061,539.9939
960.0061,539.9939
960.0061,539.9939
960.0061,539.9939
960.0061,539.9939
960.0061,539.9939
960.0061,539.9939
960.0061,539.9939
960.0061,539.9939
960.0061,539.9939
960.0061,539.9939
960.0061,539.9939
960.0061,539.9939
960.0061,539.9939
960.0061,539.9939
960.0061,539.9939
960.0061,539.9939
960.0061,539.9939
960.0061,539.9939
960.0061,539.9939
960.0061,539.9939
960.0061,539.9939
960.0061,539.9939
960.0061,539.9939
960.0061,539.9939
960.0061,539.9939
960.0061,539.9939
960.0061,539.9939
960.0061,539.9939
960.0061,539.9939
960.0061,539.9939
960.0061,539.9939
960.0061,539.9939
960.0061,539.9939
960.0061,539.9939
960.0061,539.9939
960.0061,539.9939
960.0061,539.9939
960.0061,539.9939
960.0061,539.9939
960.0061,539.9939
960.0061,539.9939
960.0061,539.9939
960.0061,539.9939
960.0061,539.9939
960.0061,539.9939
960.0061,539.9939
960.0061,539.9939
960.0061,539.9939
960.0061,539.9939
960.0061,539.9939
960.0061,539.9939
960.0061,539.9939
960.0061,539.9939
960.0061,539.9939
960.0061,539.9939
960.0061,539.9939
960.0061,539.9939
960.0061,539.9939
960.0061,539.9939
960.0061,539.9939
960.0061,539.9939
960.0061,539.9939
960.0061,539.9939
960.0061,539.9939
960.0061,539.9939
960.0061,539.9939
960.0061,539.9939
960.0061,539.9939
960.0061,539.9939
960.0061,539.9939
960.0061,539.9939
960.0061,539.9939
960.0061,539.9939
960.0061,539.9939
960.0061,539.9939
960.0061,539.9939
960.0061,539.9939
960.0061,539.9939
960.0061,539.9939
960.0061,539.9939
960.0061,539.9939
960.0061,539.9939
960.0061,539.9939
960.0061,539.9939
960.0061,539.9939
960.0061,539.9939
960.0061,539.9939
960.0061,539.9939
960.0061,539.9939
960.0061,539.9939
960.0061,539.9939
960.0061,539.9939
960.0061,539.9939
960.0061,539.9939
960.0061,539.9939
960.0061,539.9939
960.0061,539.9939
960.0061,539.9939
960.0061,539.9939
960.0061,539.9939
960.0061,539.9939
960.0061,539.9939
960.0061,539.9939
960.0061,539.9939
960.0061,539.9939
960.0061,539.9939
960.0061,539.9939
960.0061,539.9939
960.0061,539.9939
960.0061,539.9939
960.0061,539.9939
960.0061,539.9939
960.0061,539.9939
960.0061,539.9939
960.0061,539.9939
960.0061,539.9939
960.0061,539.9939
960.0061,539.9939
960.0061,539.9939
960.0061,539.9939
960.0061,539.9939
960.0061,539.9939
960.0061,539.9939
960.0061,539.9939
960.0061,539.9939
960.0061,539.9939
960.0061,539.9939
960.0061,539.9939
960.0061,539.9939
960.0061,539.9939
960.0061,539.9939
960.0061,539.9939
960.0061,539.9939
960.0061,539.9939
960.0061,539.9939
960.0061,539.9939
960.0061,539.9939
960.0061,539.9939
960.0061,539.9939
960.0061,539.9939
960.0061,539.9939
960.0061,539.9939
960.0061,539.9939
960.0061,539.9939
960.0061,539.9939
960.0061,539.9939
960.0061,539.9939
960.0061,539.9939
960.0061,539.9939
960.0061,539.9939
960.0061,539.9939
960.0061,539.9939
960.0061,539.9939
960.0061,539.9939
960.0061,539.9939
960.0061,539.9939
960.0061,539.9939
960.0061,539.9939
960.0061,539.9939
960.0061,539.9939
960.0061,539.9939
960.0061,539.9939
960.0061,539.9939
960.0061,539.9939
960.0061,539.9939
960.0061,539.9939
960.0061,539.9939
960.0061,539.9939
960.0061,539.9939
960.0061,539.9939
960.0061,539.9939
960.0061,539.9939
960.0061,539.9939
960.0061,539.9939
960.0061,539.9939
960.0061,539.9939
960.0061,539.9939
960.0061,539.9939
960.0061,539.9939
960.0061,539.9939
960.0061,539.9939
960.0061,539.9939
960.0061,539.9939
960.0061,539.9939
960.0061,539.9939
960.0061,539.9939
960.0061,539.9939
960.0061,539.9939
960.0061,539.9939
960.0061,539.9939
960.0061,539.9939
960.0061,539.9939
960.0061,539.9939
960.0061,539.9939
960.0061,539.9939
960.0061,539.9939
960.0061,539.9939
960.0061,539.9939
960.0061,539.9939
960.0061,539.9939
960.0061,539.9939
960.0061,539.9939
960.0061,539.9939
960.0061,539.9939
960.0061,539.9939
960.0061,539.9939
960.0061,539.9939
960.0061,539.9939
960.0061,539.9939
960.0061,539.9939
960.0061,539.9939
960.0061,539.9939
960.0061,539.9939
960.0061,539.9939
960.0061,539.9939
960.0061,539.9939
960.0061,539.9939
960.0061,539.9939
960.0061,539.9939
960.0061,539.9939
960.0061,539.9939
960.0061,539.9939
960.0061,539.9939
960.0061,539.9939
960.0061,539.9939
960.0061,539.9939
960.0061,539.9939
960.0061,539.9939
960.0061,539.9939
960.0061,539.9939
960.0061,539.9939
960.0061,539.9939
960.0061,539.9939
960.0061,539.9939
960.0061,539.9939
960.0061,539.9939
960.0061,539.9939
960.0061,539.9939
960.0061,539.9939
960.0061,539.9939
960.0061,539.9939
960.0061,539.9939
960.0061,539.9939
960.0061,539.9939
960.0061,539.9939
960.0061,539.9939
960.0061,539.9939
960.0061,539.9939
960.0061,539.9939
960.0061,539.9939
960.0061,539.9939
960.0061,539.9939
960.0061,539.9939
960.0061,539.9939
960.0061,539.9939
960.0061,539.9939
960.0061,539.9939
960.0061,539.9939
960.0061,539.9939
960.0061,539.9939
960.0061,539.9939
960.0061,539.9939
960.0061,539.9939
960.0061,539.9939
960.0061,539.9939
960.0061,539.9939
960.0061,539.9939
960.0061,539.9939
960.0061,539.9939
960.0061,539.9939
960.0061,539.9939
960.0061,539.9939
960.0061,539.9939
960.0061,539.9939
960.0061,539.9939
960.0061,539.9939
960.0061,539.9939
960.0061,539.9939
960.0061,539.9939
960.0061,539.9939
960.0061,539.9939
960.0061,539.9939
960.0061,539.9939
960.0061,539.9939
960.0061,539.9939
960.0061,539.9939
960.0061,539.9939
960.0061,539.9939
960.0061,539.9939
960.0061,539.9939
960.0061,539.9939
960.0061,539.9939
960.0061,539.9939
960.0061,539.9939
960.0061,539.9939
960.0061,539.9939
960.0061,539.9939
960.0061,539.9939
960.0061,539.9939
960.0061,539.9939
960.0061,539.9939
960.0061,539.9939
960.0061,539.9939
960.0061,539.9939
960.0061,539.9939
960.0061,539.9939
960.0061,539.9939
960.0061,539.9939
960.0061,539.9939
960.0061,539.9939
960.0061,539.9939
960.0061,539.9939
960.0061,539.9939
960.0061,539.9939
960.0061,539.9939
960.0061,539.9939
960.0061,539.9939
960.0061,539.9939
960.0061,539.9939
960.0061,539.9939
960.0061,539.9939
960.0061,539.9939
960.0061,539.9939
960.0061,539.9939
960.0061,539.9939
960.0061,539.9939
960.0061,539.9939
960.0061,539.9939
960.0061,539.9939
960.0061,539.9939
960.0061,539.9939
960.0061,539.9939
960.0061,539.9939
960.0061,539.9939
960.0061,539.9939
960.0061,539.9939
960.0061,539.9939
960.0061,539.9939
960.0061,539.9939
960.0061,539.9939
960.0061,539.9939
960.0061,539.9939
960.0061,539.9939
960.0061,539.9939
960.0061,539.9939
960.0061,539.9939
960.0061,539.9939
960.0061,539.9939
960.0061,539.9939
960.0061,539.9939
960.0061,539.9939
960.0061,539.9939
960.0061,539.9939
960.0061,539.9939
960.0061,539.9939
960.0061,539.9939
960.0061,539.9939
960.0061,539.9939
960.0061,539.9939
960.0061,539.9939
960.0061,539.9939
960.0061,539.9939
960.0061,539.9939
960.0061,539.9939
960.00604,539.9939
960.006,539.9939
960.0059,539.9939
960.00586,539.9939
960.0058,539.9939
960.00574,539.9939
960.0057,539.9939
960.0056,539.9939
960.00555,539.9939
960.0055,539.9939
960.00543,539.9939
960.0054,539.9939
960.0053,539.9939
960.00525,539.9939
960.0052,539.9939
960.0051,539.9939
960.00507,539.9939
960.005,539.9939
960.00494,539.9939
960.0049,539.9939
960.0048,539.9939
960.00476,539.9939
960.0047,539.9939
960.00464,539.9939
960.0046,539.9939
960.0045,539.9939
960.00446,539.9939
960.0044,539.9939
960.00433,539.9939
960.0043,539.9939
960.0042,539.9939
960.00415,539.9939
960.0041,539.9939
960.004,539.9939
960.00397,539.9939
960.0039,539.9939
960.00385,539.9939
960.0039,539.9939
960.00397,539.9939
960.004,539.9939
960.0041,539.9939
960.00415,539.9939
960.0042,539.9939
960.0043,539.9939
960.00433,539.9939
960.0044,539.9939
960.00446,539.9939
960.0045,539.9939
960.0046,539.9939
960.00464,539.9939
960.0047,539.9939
960.00476,539.9939
960.0048,539.9939
960.0049,539.9939
960.00494,539.9939
960.005,539.9939
960.00507,539.9939
960.0051,539.9939
960.0052,539.9939
960.00525,539.9939
960.0053,539.9939
960.0054,539.9939
960.00543,539.9939
960.0055,539.9939
960.00555,539.9939
960.0056,539.9939
960.0057,539.9939
960.00574,539.9939
960.0058,539.9939
960.00586,539.9939
960.0059,539.9939
960.006,539.9939
960.00604,539.9939
960.0061,539.9939
960.0061,539.9939
960.0061,539.9939
960.0061,539.9939
960.0061,539.9939
960.0061,539.9939
960.0061,539.9939
960.0061,539.9939
960.0061,539.9939
960.0061,539.9939
960.0061,539.9939
960.0061,539.9939
960.0061,539.9939
960.0061,539.9939
960.0061,539.9939
960.0061,539.9939
960.0061,539.9939
960.0061,539.9939
960.0061,539.9939
960.0061,539.9939
960.0061,539.9939
960.0061,539.9939
960.0061,539.9939
960.0061,539.9939
960.0061,539.9939
960.0061,539.9939
960.0061,539.9939
960.0061,539.9939
960.0061,539.9939
960.0061,539.9939
960.0061,539.9939
960.0061,539.9939
960.0061,539.9939
960.0061,539.9939
960.0061,539.9939
960.0061,539.9939
960.0061,539.9939
960.0061,539.9939
960.0061,539.9939
960.0061,539.9939
960.0061,539.9939
960.0061,539.9939
960.0061,539.9939
960.0061,539.9939
960.0061,539.9939
960.0061,539.9939
960.0061,539.9939
960.0061,539.9939
960.0061,539.9939
960.0061,539.9939
960.0061,539.9939
960.0061,539.9939
960.0061,539.9939
960.0061,539.9939
960.0061,539.9939
960.0061,539.9939
960.0061,539.9939
960.0061,539.9939
960.0061,539.9939
960.0061,539.9939
960.0061,539.9939
960.0061,539.9939
960.0061,539.9939
960.0061,539.9939
960.0061,539.9939
960.0061,539.9939
960.0061,539.9939
960.0061,539.9939
960.0061,539.9939
960.0061,539.9939
960.0061,539.9939
960.0061,539.9939
960.0061,539.9939
960.0061,539.9939
960.0061,539.9939
960.0061,539.9939
960.0061,539.9939
960.0061,539.9939
960.0061,539.9939
960.0061,539.9939
960.0061,539.9939
960.0061,539.9939
960.0061,539.9939
960.0061,539.9939
960.0061,539.9939
960.0061,539.9939
960.0061,539.9939
960.0061,539.9939
960.0061,539.9939
960.0061,539.9939
960.0061,539.9939
960.0061,539.9939
960.0061,539.9939
960.0061,539.9939
960.0061,539.9939
960.0061,539.9939
960.0061,539.9939
960.0061,539.9939
960.0061,539.9939
960.0061,539.9939
960.0061,539.9939
960.0061,539.9939
960.0061,539.9939
960.0061,539.9939
960.0061,539.9939
960.0061,539.9939
960.0061,539.9939
960.0061,539.9939
960.0061,539.9939
960.0061,539.9939
960.0061,539.9939
960.0061,539.9939
960.0061,539.9939
960.0061,539.9939
960.0061,539.9939
960.0061,539.9939
960.0061,539.9939
960.0061,539.9939
960.0061,539.9939
960.0061,539.9939
960.0061,539.9939
960.0061,539.9939
960.0061,539.9939
960.0061,539.9939
960.0061,539.9939
960.0061,539.9939
960.0061,539.9939
960.0061,539.9939
960.0061,539.9939
960.0061,539.9939
960.0061,539.9939
960.0061,539.9939
960.0061,539.9939
960.0061,539.9939
960.0061,539.9939
960.0061,539.9939
960.0061,539.9939
960.0061,539.9939
960.0061,539.9939
960.0061,539.9939
960.0061,539.9939
960.0061,539.9939
960.0061,539.9939
960.0061,539.9939
960.0061,539.9939
960.0061,539.9939
960.0061,539.9939
960.0061,539.9939
960.0061,539.9939
960.0061,539.9939
960.0061,539.9939
960.0061,539.9939
960.0061,539.9939
960.0061,539.9939
960.0061,539.9939
960.0061,539.9939
960.0061,539.9939
960.0061,539.9939
960.0061,539.9939
960.0061,539.9939
960.0061,539.9939
960.0061,539.9939
960.0061,539.9939
960.0061,539.9939
960.0061,539.9939
960.0061,539.9939
960.0061,539.9939
960.0061,539.9939
960.0061,539.9939
960.0061,539.9939
960.0061,539.9939
960.0061,539.9939
960.0061,539.9939
960.0061,539.9939
960.0061,539.9939
960.0061,539.9939
960.0061,539.9939
960.0061,539.9939
960.0061,539.9939
960.0061,539.9939
960.0061,539.9939
960.0061,539.9939
960.0061,539.9939
960.0061,539.9939
960.0061,539.9939
960.0061,539.9939
960.0061,539.9939
960.0061,539.9939
960.0061,539.9939
960.0061,539.9939
960.0061,539.9939
960.0061,539.9939
960.0061,539.9939
960.0061,539.9939
960.0061,539.9939
960.0061,539.9939
960.0061,539.9939
960.0061,539.9939
960.0061,539.9939
960.0061,539.9939
960.0061,539.9939
960.0061,539.9939
960.0061,539.9939
960.0061,539.9939
960.0061,539.9939
960.0061,539.9939
960.0061,539.9939
960.0061,539.9939
960.0061,539.9939
960.0061,539.9939
960.0061,539.9939
960.0061,539.9939
960.0061,539.9939
960.0061,539.9939
960.0061,539.9939
960.0061,539.9939
960.0061,539.9939
960.0061,539.9939
960.0061,539.9939
960.0061,539.9939
960.0061,539.9939
960.0061,539.9939
960.0061,539.9939
960.0061,539.9939
960.0061,539.9939
960.0061,539.9939
960.0061,539.9939
960.0061,539.9939
960.0061,539.9939
960.0061,539.9939
960.0061,539.9939
960.0061,539.9939
960.0061,539.9939
960.0061,539.9939
960.0061,539.9939
960.0061,539.9939
960.0061,539.9939
960.0061,539.9939
960.0061,539.9939
960.0061,539.9939
960.0061,539.9939
960.0061,539.9939
960.0061,539.9939
960.0061,539.9939
960.0061,539.9939
960.0061,539.9939
960.0061,539.9939
960.0061,539.9939
960.0061,539.9939
960.0061,539.9939
960.0061,539.9939
960.0061,539.9939
960.0061,539.9939
960.0061,539.9939
960.0061,539.9939
960.0061,539.9939
960.0061,539.9939
960.0061,539.9939
960.0061,539.9939
960.0061,539.9939
960.0061,539.9939
960.0061,539.9939
960.0061,539.9939
960.0061,539.9939
960.0061,539.9939
960.0061,539.9939
960.0061,539.9939
960.0061,539.9939
960.0061,539.9939
960.0061,539.9939
960.0061,539.9939
960.0061,539.9939
960.0061,539.9939
960.0061,539.9939
960.0061,539.9939
960.0061,539.9939
960.0061,539.9939
960.0061,539.9939
960.0061,539.9939
960.0061,539.9939
960.0061,539.9939
960.0061,539.9939
960.0061,539.9939
960.0061,539.9939
960.0061,539.9939
960.0061,539.9939
960.0061,539.9939
960.0061,539.9939
960.0061,539.9939
960.0061,539.9939
960.0061,539.9939
960.0061,539.9939
960.0061,539.9939
960.0061,539.9939
960.0061,539.9939
960.0061,539.9939
960.0061,539.9939
960.0061,539.9939
960.0061,539.9939
960.0061,539.9939
960.0061,539.9939
960.0061,539.9939
960.0061,539.9939
960.0061,539.9939
960.0061,539.9939
960.0061,539.9939
960.0061,539.9939
960.0061,539.9939
960.0061,539.9939
960.0061,539.9939
960.0061,539.9939
960.0061,539.9939
960.0061,539.9939
960.0061,539.9939
960.0061,539.9939
960.0061,539.9939
960.0061,539.9939
960.0061,539.9939
960.0061,539.9939
960.0061,539.9939
960.0061,539.9939
960.0061,539.9939
960.0061,539.9939
960.0061,539.9939
960.0061,539.9939
960.0061,539.9939
960.0061,539.9939
960.0061,539.9939
960.0061,539.9939
960.0061,539.9939
960.0061,539.9939
960.0061,539.9939
960.0061,539.9939
960.0061,539.9939
960.0061,539.9939
960.0061,539.9939
960.0061,539.9939
960.0061,539.9939
960.0061,539.9939
960.0061,539.9939
960.0061,539.9939
960.0061,539.9939
960.0061,539.9939
960.0061,539.9939
960.0061,539.9939
960.0061,539.9939
960.0061,539.9939
960.0061,539.9939
960.0061,539.9939
960.0061,539.9939
960.0061,539.9939
960.0061,539.9939
960.0061,539.9939
960.0061,539.9939
960.0061,539.9939
960.0061,539.9939
960.0061,539.9939
960.0061,539.9939
960.0061,539.9939
960.0061,539.9939
960.0061,539.9939
960.0061,539.9939
960.0061,539.9939
960.0061,539.9939
960.0061,539.9939
960.0061,539.9939
960.0061,539.9939
960.0061,539.9939
960.0061,539.9939
960.0061,539.9939
960.0061,539.9939
960.0061,539.9939
960.0061,539.9939
960.0061,539.9939
960.0061,539.9939
960.0061,539.9939
960.0061,539.9939
960.0061,539.9939
960.0061,539.9939
960.0061,539.9939
960.0061,539.9939
960.0061,539.9939
960.0061,539.9939
960.0061,539.9939
960.0061,539.9939
960.0061,539.9939
960.0061,539.9939
960.0061,539.9939
960.0061,539.9939
960.0061,539.9939
960.0061,539.9939
960.0061,539.9939
960.0061,539.9939
960.0061,539.9939
960.0061,539.9939
960.0061,539.9939
960.0061,539.9939
960.0061,539.9939
960.0061,539.9939
960.0061,539.9939
960.0061,539.9939
960.0061,539.9939
960.0061,539.9939
960.0061,539.9939
960.0061,539.9939
960.0061,539.9939
960.0061,539.9939
960.0061,539.9939
960.0061,539.9939
960.0061,539.9939
960.0061,539.9939
960.0061,539.9939
960.0061,539.9939
960.0061,539.9939
960.0061,539.9939
960.0061,539.9939
960.0061,539.9939
960.0061,539.9939
960.0061,539.9939
960.0061,539.9939
960.0061,539.9939
960.0061,539.9939
960.0061,539.9939
960.0061,539.9939
960.0061,539.9939
960.0061,539.9939
960.0061,539.9939
960.0061,539.9939
960.0061,539.9939
960.0061,539.9939
960.0061,539.9939
960.0061,539.9939
960.0061,539.9939
960.0061,539.9939
960.0061,539.9939
960.0061,539.9939
960.0061,539.9939
960.0061,539.9939
960.0061,539.9939
960.0061,539.9939
960.0061,539.9939
960.0061,539.9939
960.0061,539.9939
960.0061,539.9939
960.0061,539.9939
960.0061,539.9939
960.0061,539.9939
960.0061,539.9939
960.0061,539.9939
960.0061,539.9939
960.0061,539.9939
960.0061,539.9939
960.0061,539.9939
960.0061,539.9939
960.0061,539.9939
960.0061,539.9939
960.0061,539.9939
960.0061,539.9939
960.0061,539.9939
960.0061,539.9939
960.0061,539.9939
960.0061,539.9939
960.0061,539.9939
960.0061,539.9939
960.0061,539.9939
960.0061,539.9939
960.0061,539.9939
960.0061,539.9939
960.0061,539.9939
960.0061,539.9939
960.0061,539.9939
960.0061,539.9939
960.0061,539.9939
960.0061,539.9939
960.0061,539.9939
960.0061,539.9939
960.0061,539.9939
960.0061,539.9939
960.0061,539.9939
960.0061,539.9939
960.0061,539.9939
960.0061,539.9939
960.0061,539.9939
960.0061,539.9939
960.0061,539.9939
960.0061,539.9939
960.0061,539.9939
960.0061,539.9939
960.0061,539.9939
960.0061,539.9939
960.0061,539.9939
960.0061,539.9939
960.0061,539.9939
960.0061,539.9939
960.0061,539.9939
960.0061,539.9939
960.0061,539.9939
960.0061,539.9939
960.0061,539.9939
960.0061,539.9939
960.0061,539.9939
960.0061,539.9939
960.0061,539.9939
960.0061,539.9939
960.0061,539.9939
960.0061,539.9939
960.0061,539.9939
960.0061,539.9939
960.0061,539.9939
960.0061,539.9939
960.0061,539.9939
960.0061,539.9939
960.0061,539.9939
960.0061,539.9939
960.0061,539.9939
960.0061,539.9939
960.0061,539.9939
960.0061,539.9939
960.0061,539.9939
960.0061,539.9939
960.0061,539.9939
960.0061,539.9939
960.0061,539.9939
960.0061,539.9939
960.0061,539.9939
960.0061,539.9939
960.0061,539.9939
960.0061,539.9939
960.0061,539.9939
960.0061,539.9939
960.0061,539.9939
960.0061,539.9939
960.0061,539.9939
960.0061,539.9939
960.0061,539.9939
960.0061,539.9939
960.0061,539.9939
960.0061,539.9939
960.0061,539.9939
960.0061,539.9939
960.0061,539.9939
960.0061,539.9939
960.0061,539.9939
960.0061,539.9939
960.0061,539.9939
960.0061,539.9939
960.0061,539.9939
960.0061,539.9939
960.0061,539.9939
960.0061,539.9939
960.0061,539.9939
960.0061,539.9939
960.0061,539.9939
960.0061,539.9939
960.0061,539.9939
960.0061,539.9939
960.0061,539.9939
960.0061,539.9939
960.0061,539.9939
960.0061,539.9939
960.0061,539.9939
960.0061,539.9939
960.0061,539.9939
960.0061,539.9939
960.0061,539.9939
960.0061,539.9939
960.0061,539.9939
960.0061,539.9939
960.0061,539.9939
960.0061,539.9939
960.0061,539.9939
960.0061,539.9939
960.0061,539.9939
960.0061,539.9939
960.0061,539.9939
960.0061,539.9939
960.0061,539.9939
960.0061,539.9939
960.0061,539.9939
960.0061,539.9939
960.0061,539.9939
960.0061,539.9939
960.0061,539.9939
960.0061,539.9939
960.0061,539.9939
960.0061,539.9939
960.0061,539.9939
960.0061,539.9939
960.0061,539.9939
960.0061,539.9939
960.0061,539.9939
960.0061,539.9939
960.0061,539.9939
960.0061,539.9939
960.0061,539.9939
960.0061,539.9939
960.0061,539.9939
960.0061,539.9939
960.0061,539.9939
960.0061,539.9939
960.0061,539.9939
960.0061,539.9939
960.0061,539.9939
960.0061,539.9939
960.0061,539.9939
960.0061,539.9939
960.0061,539.9939
960.0061,539.9939
960.0061,539.9939
960.0061,539.9939
960.0061,539.9939
960.0061,539.9939
960.0061,539.9939
960.0061,539.9939
960.0061,539.9939
960.0061,539.9939
960.0061,539.9939
960.0061,539.9939
960.0061,539.9939
960.0061,539.9939
960.0061,539.9939
960.0061,539.9939
960.0061,539.9939
960.0061,539.9939
960.0061,539.99384
960.0061,539.9938
960.0061,539.99365
960.0061,539.9936
960.0061,539.9935
960.0061,539.9934
960.0061,539.99335
960.0061,539.9933
960.0061,539.99316
960.0061,539.9931
960.0061,539.99304
960.0061,539.9929
960.0061,539.99286
960.0061,539.9928
960.0061,539.9927
960.0061,539.9926
960.0061,539.99255
960.0061,539.99243
960.0061,539.9924
960.0061,539.9923
960.0061,539.9922
960.0061,539.9921
960.0061,539.99207
960.0061,539.992
960.0061,539.99194
960.0061,539.9918
960.0061,539.99176
960.0061,539.9917
960.0061,539.99164
960.0061,539.9916
960.0061,539.99146
960.0061,539.9914
960.0061,539.99133
960.0061,539.9913
960.0061,539.9912
960.0061,539.9911
960.0061,539.991
960.0061,539.99097
960.0061,539.9909
960.0061,539.99084
960.0061,539.9908
960.0061,539.9907
960.0061,539.9906
960.0061,539.99054
960.0061,539.9905
960.0061,539.9904
960.0061,539.99036
960.0061,539.99023
960.0061,539.9902
960.0061,539.9901
960.0061,539.99005
960.0061,539.99
960.0061,539.9899
960.0061,539.98987
960.0061,539.98975
960.0061,539.9897
960.0061,539.9896
960.0061,539.98956
960.0061,539.9895
960.0061,539.98944
960.0061,539.9894
960.0061,539.98926
960.0061,539.9892
960.0061,539.98914
960.0061,539.9891
960.0061,539.989
960.0061,539.98895
960.0061,539.9889
960.0061,539.9888
960.0061,539.9887
960.0061,539.98865
960.0061,539.9886
960.0061,539.9885
960.0061,539.98846
960.0061,539.9884
960.0061,539.9883
960.0061,539.9882
960.0061,539.98816
960.0061,539.9881
960.0061,539.98804
960.0061,539.9879
960.0061,539.98785
960.0061,539.9878
960.0061,539.98773
960.0061,539.9877
960.0061,539.98755
960.0061,539.9875
960.0061,539.9874
960.0061,539.98737
960.0061,539.9873
960.0061,539.98724
960.0061,539.9872
960.0061,539.98706
960.0061,539.987
960.0061,539.98694
960.0061,539.9869
960.0061,539.9868
960.0061,539.9867
960.0061,539.98663
960.0061,539.9866
960.0061,539.9865
960.0061,539.98645
960.0061,539.9863
960.0061,539.98627
960.0061,539.9862
960.0061,539.98615
960.0061,539.9861
960.0061,539.986
960.0061,539.98596
960.0061,539.98584
960.0061,539.9858
960.0061,539.9857
960.0061,539.98566
960.0061,539.9856
960.0061,539.9855
960.0061,539.9854
960.0061,539.98535
960.0061,539.9853
960.0061,539.9852
960.0061,539.98517
960.0061,539.9851
960.0061,539.985
960.0061,539.9849
960.0061,539.98486
960.0061,539.9848
960.0061,539.98474
960.0061,539.9847
960.0061,539.9846
960.0061,539.9845
960.0061,539.98444
960.0061,539.9844
960.0061,539.9843
960.0061,539.98425
960.0061,539.9842
960.0061,539.98413
960.0061,539.984
960.0061,539.98395
960.00616,539.9839
960.0062,539.9838
960.0063,539.98376
960.00635,539.9837
960.0064,539.98364
960.0065,539.9835
960.00653,539.98346
960.0066,539.9834
960.00665,539.98334
960.0067,539.9833
960.0068,539.9832
960.00684,539.98315
960.0069,539.98303
960.00696,539.983
960.007,539.9829
960.0071,539.98285
960.00714,539.9828
960.0072,539.9827
960.00726,539.98267
960.0073,539.98254
960.0074,539.9825
960.00745,539.9824
960.0075,539.98236
960.00757,539.9823
960.0076,539.98224
960.0077,539.9822
960.00775,539.98206
960.0078,539.982
960.0079,539.98193
960.00793,539.9819
960.008,539.9818
960.00806,539.98175
960.0081,539.9816
960.0082,539.9815
960.00824,539.9814
960.0083,539.9813
960.00836,539.9812
960.0084,539.98114
960.0085,539.981
960.00854,539.9809
960.0086,539.9808
960.00867,539.98065
960.0087,539.9806
960.0088,539.98047
960.00885,539.9804
960.0089,539.9803
960.009,539.98016
960.00903,539.98004
960.0091,539.9799
960.00916,539.97986
960.0092,539.97974
960.0093,539.9797
960.00934,539.97955
960.0094,539.9795
960.00946,539.9794
960.0095,539.9793
960.0096,539.9792
960.00964,539.97906
960.0097,539.97894
960.0097,539.9789
960.00977,539.97876
960.0098,539.97864
960.0098,539.9786
960.0099,539.97845
960.00995,539.9784
960.00995,539.9783
960.01,539.97815
960.0101,539.978
960.0101,539.97797
960.01013,539.97784
960.0102,539.9777
960.0102,539.97766
960.01025,539.97754
960.0103,539.9775
960.0103,539.97736
960.0104,539.97723
960.01044,539.9771
960.01044,539.97705
960.0105,539.9769
960.01056,539.9768
960.01056,539.97675
960.0106,539.9766
960.0107,539.97656
960.0107,539.97644
960.01074,539.9763
960.0108,539.9762
960.0108,539.97614
960.01086,539.976
960.0109,539.9759
960.011,539.9758
960.011,539.9757
960.01105,539.97565
960.0111,539.9755
960.0111,539.9754
960.01117,539.9753
960.0112,539.97516
960.0113,539.9751
960.0113,539.975
960.01135,539.97485
960.0114,539.97473
960.0115,539.9746
960.01154,539.9745
960.0116,539.97437
960.01166,539.97424
960.0117,539.9742
960.0118,539.97406
960.01184,539.97394
960.0119,539.9738
960.01196,539.9737
960.0121,539.9736
960.01215,539.97345
960.0122,539.9733
960.01227,539.97327
960.0123,539.97314
960.0124,539.973
960.01245,539.9729
960.0125,539.9728
960.0126,539.97266
960.01263,539.97253
960.0127,539.9724
960.0128,539.97235
960.0129,539.9722
960.01294,539.9721
960.013,539.972
960.01306,539.97186
960.0131,539.97174
960.0132,539.9716
960.01324,539.9715
960.0133,539.97144
960.01337,539.9713
960.0134,539.9712
960.0135,539.97107
960.01355,539.97095
960.0136,539.9708
960.0137,539.9707
960.01373,539.9706
960.0138,539.9705
960.01385,539.9704
960.0139,539.9703
960.014,539.97015
960.01404,539.97003
960.0141,539.9699
960.01416,539.9698
960.0142,539.96967
960.0143,539.9696
960.01434,539.96936
960.0144,539.9692
960.01447,539.969
960.0145,539.96875
960.0146,539.96857
960.01465,539.9684
960.0147,539.96814
960.0148,539.9679
960.01483,539.96765
960.0149,539.9674
960.01495,539.96716
960.015,539.9669
960.0151,539.9667
960.01514,539.96643
960.0152,539.96625
960.01526,539.966
960.0153,539.96576
960.0154,539.9655
960.01544,539.9653
960.0155,539.965
960.01556,539.9648
960.0156,539.96454
960.0157,539.9643
960.01575,539.96405
960.0158,539.9638
960.01587,539.96356
960.0159,539.9633
960.016,539.9631
960.01605,539.9628
960.0161,539.9626
960.0162,539.9624
960.01624,539.96216
960.0163,539.9619
960.01636,539.96173
960.0164,539.96155
960.0165,539.96136
960.01654,539.9612
960.0166,539.96106
960.01666,539.9608
960.0167,539.9607
960.0168,539.96045
960.01685,539.9603
960.0169,539.96014
960.01697,539.95996
960.017,539.9598
960.0171,539.9596
960.01715,539.9595
960.0172,539.9593
960.0173,539.9591
960.01733,539.9589
960.0174,539.95874
960.01746,539.9586
960.0175,539.95844
960.0176,539.95825
960.01764,539.95807
960.0177,539.9579
960.01776,539.95776
960.0178,539.9576
960.0179,539.9574
960.01794,539.95715
960.018,539.9569
960.01807,539.95667
960.0182,539.9564
960.01825,539.9562
960.0184,539.95593
960.0185,539.9557
960.0186,539.95544
960.0187,539.9552
960.0188,539.95496
960.0189,539.9547
960.01904,539.95447
960.01917,539.9542
960.0193,539.954
960.0194,539.95374
960.01953,539.9535
960.0196,539.95325
960.0197,539.953
960.01984,539.95276
960.01996,539.9525
960.0201,539.9523
960.0202,539.952
960.0203,539.9518
960.02045,539.9516
960.0205,539.95135
960.0206,539.9511
960.02075,539.9509
960.0209,539.95074
960.021,539.95056
960.0211,539.9503
960.02124,539.95013
960.02136,539.9499
960.0214,539.94965
960.02155,539.9494
960.02167,539.9492
960.0218,539.949
960.0219,539.9487
960.02203,539.9485
960.02216,539.9483
960.0223,539.94806
960.02234,539.9478
960.02246,539.9476
960.0226,539.9474
960.0227,539.94714
960.0228,539.9469
960.02295,539.94666
960.0231,539.9465
960.0232,539.9462
960.0233,539.946
960.02344,539.94574
960.02356,539.94556
960.0237,539.9453
960.0238,539.94507
960.0239,539.94476
960.02405,539.94446
960.0242,539.94415
960.0243,539.9439
960.0244,539.9436
960.02454,539.9433
960.02466,539.943
960.0248,539.9427
960.0249,539.94244
960.025,539.94214
960.02515,539.94183
960.02527,539.9415
960.0254,539.9413
960.0255,539.94104
960.02563,539.94073
960.02576,539.9404
960.0259,539.9401
960.026,539.9398
960.0261,539.9396
960.02625,539.9393
960.02637,539.93896
960.0265,539.93866
960.0266,539.93835
960.02673,539.9381
960.02686,539.9378
960.027,539.93756
960.0271,539.93726
960.0272,539.93695
960.02734,539.93665
960.02747,539.9364
960.0276,539.93616
960.0277,539.93585
960.02783,539.93555
960.02795,539.93524
960.02814,539.93494
960.02826,539.9347
960.02844,539.9344
960.02856,539.93414
960.02875,539.93384
960.0289,539.93353
960.02905,539.9332
960.0292,539.933
960.02936,539.9326
960.0295,539.93225
960.02966,539.93195
960.0298,539.9316
960.02997,539.9313
960.0301,539.93097
960.0303,539.9307
960.0304,539.9304
960.03064,539.9302
960.0309,539.9299
960.0311,539.9296
960.03143,539.9294
960.0317,539.92914
960.0319,539.92883
960.0322,539.9286
960.03253,539.92834
960.0328,539.9281
960.033,539.92786
960.0333,539.9276
960.0336,539.9273
960.0339,539.92706
960.0341,539.9268
960.03436,539.9266
960.0346,539.92633
960.03485,539.926
960.0351,539.9258
960.03534,539.92554
960.0356,539.9253
960.0358,539.92505
960.0361,539.9248
960.0363,539.92456
960.03656,539.9243
960.0368,539.9241
960.03705,539.9238
960.0373,539.9236
960.03754,539.9233
960.0378,539.92303
960.038,539.9228
960.03827,539.92255
960.0385,539.9223
960.03876,539.92206
960.039,539.9218
960.03925,539.9216
960.0395,539.92126
960.03973,539.921
960.0399,539.9208
960.04004,539.92053
960.0402,539.9202
960.0404,539.9199
960.0405,539.9197
960.0407,539.9194
960.0409,539.91907
960.041,539.91876
960.0412,539.91846
960.0414,539.91815
960.0415,539.91785
960.0417,539.91754
960.0419,539.91724
960.042,539.91693
960.0422,539.9166
960.04236,539.9163
960.0425,539.916
960.0427,539.9157
960.04297,539.9154
960.0432,539.9151
960.04346,539.9148
960.0437,539.9145
960.04395,539.9142
960.0442,539.9138
960.04443,539.9135
960.0446,539.91315
960.0448,539.9128
960.045,539.9125
960.04517,539.9122
960.04535,539.91187
960.04553,539.9115
960.0457,539.9112
960.0459,539.9109
960.0461,539.9105
960.04626,539.91016
960.04645,539.90985
960.04663,539.9095
960.0468,539.9091
960.047,539.9088
960.0472,539.90845
960.04736,539.9081
960.04755,539.9077
960.0477,539.90735
960.0479,539.907
960.04803,539.9066
960.0482,539.90625
960.04834,539.9059
960.04846,539.9055
960.04865,539.90515
960.04877,539.9048
960.04895,539.9044
960.0491,539.90405
960.0492,539.9037
960.0494,539.9034
960.04956,539.9031
960.0497,539.9028
960.04987,539.90247
960.05,539.9021
960.0501,539.9018
960.0503,539.9014
960.0505,539.90106
960.0506,539.90076
960.0508,539.9004
960.0509,539.9
960.051,539.89966
960.0512,539.89935
960.0514,539.89905
960.0516,539.89874
960.05176,539.89844
960.05194,539.8981
960.0521,539.89777
960.0523,539.89746
960.0525,539.8971
960.0527,539.8968
960.0528,539.8965
960.053,539.8961
960.0531,539.89575
960.0532,539.8954
960.0534,539.8951
960.0535,539.8947
960.0537,539.89435
960.05383,539.894
960.05396,539.8936
960.05414,539.8932
960.05426,539.89276
960.05444,539.89233
960.05457,539.8919
960.0547,539.8915
960.0549,539.891
960.05505,539.89056
960.0553,539.8901
960.0555,539.88965
960.05566,539.88916
960.05585,539.88873
960.056,539.88824
960.0562,539.8878
960.05634,539.8873
960.0565,539.8869
960.0567,539.8864
960.05676,539.886
960.0568,539.8855
960.0569,539.8851
960.05695,539.88464
960.05707,539.88416
960.0571,539.88367
960.0572,539.8832
960.05725,539.8827
960.0573,539.8822
960.05743,539.88165
960.0575,539.88104
960.05756,539.8805
960.0576,539.8798
960.05774,539.8792
960.0578,539.8786
960.05786,539.8779
960.058,539.8773
960.05804,539.87665
960.05817,539.87604
960.0582,539.8754
960.0583,539.87476
960.05835,539.87415
960.0585,539.8735
960.05853,539.87286
960.0586,539.87225
960.0587,539.8716
960.0588,539.8709
960.0589,539.87024
960.05896,539.86957
960.059,539.86896
960.0591,539.86835
960.0592,539.86774
960.0593,539.8671
960.0594,539.8665
960.05945,539.8659
960.0596,539.8653
960.0597,539.8647
960.05975,539.86414
960.0598,539.8636
960.05994,539.86304
960.06006,539.8625
960.0601,539.86194
960.0602,539.8614
960.0603,539.86084
960.0604,539.86035
960.0605,539.85974
960.06055,539.85913
960.06067,539.8586
960.0608,539.85803
960.06085,539.8575
960.0609,539.85693
960.06104,539.8564
960.06116,539.85583
960.0612,539.8553
960.0613,539.85474
960.0614,539.8542
960.0615,539.8537
960.0616,539.85315
960.06165,539.85266
960.06177,539.8522
960.0619,539.85175
960.06195,539.8513
960.062,539.8509
960.06213,539.85046
960.06226,539.85004
960.0624,539.8497
960.06244,539.8493
960.06256,539.8489
960.0627,539.8485
960.06274,539.84814
960.06287,539.8477
960.063,539.8473
960.0631,539.84686
960.0632,539.84644
960.0633,539.84595
960.0634,539.8455
960.0635,539.8451
960.0636,539.84467
960.0637,539.84424
960.06384,539.84375
960.0639,539.8433
960.064,539.8429
960.06415,539.84247
960.0642,539.842
960.06433,539.84155
960.06445,539.84106
960.0646,539.8406
960.06464,539.84015
960.06476,539.83966
960.0649,539.83923
960.06494,539.83875
960.06506,539.83826
960.0652,539.8378
960.0653,539.83734
960.06537,539.8369
960.0655,539.8364
960.0656,539.836
960.0657,539.8355
960.0658,539.835
960.0659,539.83453
960.06604,539.8339
960.0661,539.8334
960.0662,539.83276
960.06635,539.8322
960.0664,539.83167
960.0665,539.8311
960.06665,539.83057
960.0668,539.82996
960.067,539.8294
960.06714,539.82886
960.0674,539.8283
960.0675,539.82776
960.0677,539.8272
960.06775,539.8266
960.0678,539.82605
960.0679,539.8255
960.06793,539.825
960.068,539.8245
960.06805,539.824
960.0681,539.8235
960.0682,539.8229
960.06824,539.8223
960.0683,539.8218
960.06836,539.8212
960.0684,539.8207
960.0685,539.8202
960.06854,539.81964
960.0686,539.8191
960.06866,539.8186
960.0687,539.81805
960.0687,539.81757
960.0688,539.817
960.06885,539.8165
960.0689,539.81604
960.069,539.81555
960.06903,539.81506
960.0691,539.8146
960.0691,539.8141
960.06915,539.8136
960.0692,539.8131
960.0693,539.8127
960.06934,539.8122
960.0694,539.8117
960.06946,539.81116
960.06946,539.8106
960.0695,539.81
960.0696,539.8094
960.0696,539.8088
960.06964,539.80817
960.0697,539.80756
960.0697,539.80695
960.06964,539.80634
960.0696,539.8057
960.0695,539.8051
960.06946,539.8045
960.0694,539.8039
960.06934,539.8033
960.0693,539.80273
960.0692,539.8021
960.06915,539.8015
960.0691,539.8009
960.0691,539.80035
960.06903,539.79974
960.069,539.7992
960.0689,539.7986
960.06885,539.798
960.0688,539.79736
960.0687,539.79675
960.0687,539.79614
960.06866,539.7956
960.0686,539.79504
960.06854,539.79443
960.0685,539.7939
960.0684,539.79333
960.06836,539.7927
960.06836,539.7922
960.0683,539.7916
960.06824,539.7911
960.0682,539.7906
960.0681,539.79004
960.06805,539.7895
960.068,539.78894
960.06805,539.7884
960.0682,539.78784
960.0683,539.7873
960.0684,539.7867
960.0686,539.7861
960.0689,539.78546
960.0692,539.78485
960.0695,539.78424
960.0698,539.78357
960.0701,539.7829
960.07043,539.7823
960.0708,539.7816
960.0713,539.781
960.0718,539.78033
960.07227,539.7797
960.07275,539.77905
960.07324,539.7784
960.0737,539.7778
960.0742,539.7771
960.0747,539.7765
960.0752,539.7758
960.0757,539.77515
960.07623,539.77435
960.0768,539.7735
960.0774,539.7727
960.078,539.77185
960.0786,539.77106
960.0791,539.7702
960.0798,539.7694
960.08044,539.76855
960.08105,539.76776
960.08167,539.7669
960.0823,539.76605
960.0829,539.7652
960.0835,539.7643
960.0841,539.76337
960.0847,539.76245
960.0853,539.7615
960.08594,539.7605
960.08655,539.7595
960.08716,539.7586
960.08777,539.7577
960.0883,539.7568
960.0888,539.75586
960.0893,539.75494
960.0898,539.754
960.0903,539.7531
960.09076,539.75226
960.09125,539.75146
960.09186,539.75073
960.09247,539.74994
960.0931,539.74915
960.0937,539.7484
960.0943,539.7478
960.0949,539.7472
960.0955,539.7466
960.09607,539.746
960.09674,539.74554
960.09735,539.7451
960.09796,539.7447
960.09863,539.7443
960.09924,539.744
960.09985,539.7438
960.1005,539.7436
960.10114,539.74335
960.10175,539.7431
960.10236,539.7429
960.103,539.7427
960.10364,539.7425
960.1043,539.74225
960.105,539.742
960.10565,539.7419
960.1063,539.74164
960.107,539.7414
960.1077,539.7412
960.1084,539.74097
960.10913,539.7408
960.10986,539.74066
960.1106,539.74054
960.1113,539.7403
960.11206,539.7401
960.11285,539.73987
960.11365,539.73975
960.1144,539.73956
960.11505,539.73944
960.1158,539.7393
960.1166,539.73914
960.1174,539.7389
960.11816,539.7387
960.11896,539.7384
960.11975,539.7381
960.12054,539.7378
960.12134,539.7375
960.12213,539.7372
960.1229,539.7369
960.12366,539.7366
960.1243,539.7362
960.125,539.7357
960.12573,539.7352
960.1264,539.7348
960.1271,539.7343
960.12775,539.7338
960.12854,539.73334
960.12933,539.73285
960.1301,539.7323
960.1309,539.7317
960.1317,539.731
960.1325,539.7304
960.13336,539.7298
960.13416,539.7291
960.13495,539.72845
960.13574,539.72784
960.13654,539.7272
960.1373,539.72656
960.1382,539.7259
960.139,539.7252
960.1397,539.72455
960.1405,539.72375
960.1413,539.72296
960.1421,539.7222
960.1429,539.72144
960.1437,539.72064
960.1445,539.7199
960.14526,539.7191
960.14606,539.7183
960.14685,539.7176
960.1476,539.71686
960.1483,539.71606
960.149,539.71533
960.1497,539.7146
960.1504,539.7138
960.1511,539.71295
960.15173,539.71216
960.1523,539.71136
960.1529,539.7106
960.1535,539.7098
960.1541,539.7089
960.1546,539.7081
960.155,539.7073
960.15546,539.7064
960.1559,539.7056
960.1561,539.7048
960.1564,539.704
960.1566,539.7031
960.15686,539.70233
960.1571,539.7015
960.15735,539.70056
960.15753,539.6996
960.1578,539.6986
960.158,539.69763
960.1582,539.69666
960.1584,539.6957
960.1586,539.6947
960.1588,539.69366
960.159,539.6926
960.1591,539.69165
960.15924,539.6906
960.15936,539.68964
960.1595,539.6886
960.1596,539.68756
960.15967,539.68646
960.1598,539.6853
960.1599,539.68414
960.16003,539.683
960.16016,539.6818
960.16046,539.6807
960.16077,539.6796
960.16125,539.67847
960.16174,539.67737
960.1623,539.67615
960.1629,539.675
960.1636,539.6738
960.16425,539.67267
960.1651,539.67145
960.16595,539.6703
960.1668,539.6691
960.16766,539.66797
960.1685,539.6668
960.1695,539.6657
960.1705,539.6645
960.1715,539.6633
960.1725,539.6621
960.17346,539.6609
960.1745,539.65967
960.17554,539.65845
960.1766,539.6572
960.17773,539.65594
960.1789,539.6546
960.18005,539.65326
960.1812,539.6519
960.1824,539.6505
960.1834,539.6492
960.18445,539.64777
960.1855,539.6464
960.1866,539.645
960.1876,539.6437
960.18866,539.6423
960.1898,539.64087
960.19086,539.63947
960.1919,539.63806
960.193,539.63666
960.194,539.63525
960.195,539.6339
960.196,539.63257
960.19696,539.6313
960.19794,539.63
960.19885,539.6287
960.19977,539.6274
960.2006,539.6261
960.2016,539.62476
960.2026,539.6235
960.20355,539.6222
960.2045,539.6209
960.2055,539.6197
960.2064,539.61847
960.20734,539.61725
960.2082,539.61597
960.2091,539.61475
960.2099,539.6135
960.2107,539.6123
960.2114,539.6111
960.21216,539.6099
960.2129,539.6087
960.2137,539.60754
960.2143,539.6063
960.2149,539.605
960.2155,539.60364
960.21594,539.60223
960.2164,539.6009
960.21674,539.5995
960.217,539.59814
960.21716,539.59674
960.2172,539.59534
960.2173,539.5939
960.2172,539.5924
960.2171,539.5908
960.217,539.58923
960.21686,539.58765
960.21674,539.58606
960.2166,539.5843
960.2165,539.5826
960.2164,539.5809
960.21625,539.5791
960.2161,539.57733
960.21606,539.57544
960.216,539.5735
960.21594,539.5716
960.2159,539.56964
960.2158,539.56757
960.21576,539.5655
960.2157,539.5634
960.21564,539.5613
960.21576,539.55914
960.216,539.55695
960.2164,539.55475
960.21686,539.5524
960.2174,539.5502
960.2181,539.5479
960.21893,539.5456
960.2199,539.5433
960.22095,539.5409
960.22217,539.53845
960.2234,539.536
960.2247,539.5336
960.226,539.5312
960.2274,539.5287
960.2288,539.5262
960.23035,539.52374
960.23193,539.5213
960.2335,539.51886
960.2351,539.51636
960.2367,539.5139
960.23834,539.5115
960.24005,539.5091
960.24176,539.5067
960.24347,539.5043
960.2451,539.5019
960.2467,539.4995
960.2483,539.49725
960.2499,539.49506
960.2514,539.4928
960.2529,539.49054
960.25446,539.48834
960.25586,539.48615
960.2572,539.4841
960.25854,539.48206
960.2598,539.48
960.26105,539.47797
960.26215,539.4761
960.2633,539.47424
960.2643,539.4724
960.26526,539.4706
960.26624,539.46875
960.2672,539.4669
960.2681,539.4652
960.2691,539.4635
960.2699,539.4618
960.2707,539.46014
960.2714,539.4585
960.2722,539.45685
960.27295,539.45514
960.2737,539.4534
960.2744,539.45166
960.27515,539.44995
960.27594,539.4482
960.2766,539.4465
960.2773,539.4446
960.2781,539.4427
960.27875,539.44073
960.2794,539.43884
960.2801,539.4368
960.28076,539.43475
960.2815,539.4326
960.28217,539.4305
960.28284,539.42816
960.2835,539.42584
960.2841,539.42334
960.2848,539.4209
960.2854,539.4183
960.2862,539.4156
960.28705,539.41284
960.28784,539.41003
960.2887,539.40717
960.28955,539.4042
960.29034,539.4012
960.2912,539.3982
960.292,539.3951
960.29285,539.39185
960.2937,539.3887
960.29456,539.3855
960.2955,539.3822
960.2965,539.3789
960.2975,539.3757
960.29846,539.3724
960.2995,539.369
960.30054,539.3657
960.3016,539.3624
960.3026,539.35913
960.30365,539.35583
960.3048,539.35254
960.30597,539.3493
960.3071,539.346
960.3083,539.3427
960.30945,539.3395
960.31055,539.33624
960.3117,539.33295
960.31287,539.32965
960.314,539.32635
960.3152,539.32306
960.3163,539.3197
960.3174,539.31635
960.3185,539.313
960.3196,539.3096
960.3207,539.306
960.32184,539.3025
960.3229,539.29895
960.324,539.2953
960.3251,539.2916
960.32623,539.2879
960.3272,539.2841
960.3282,539.2802
960.32916,539.27637
960.3301,539.2724
960.33105,539.2684
960.332,539.26434
960.3329,539.2602
960.3338,539.25604
960.3347,539.2518
960.33563,539.2475
960.33655,539.24316
960.3375,539.2388
960.3384,539.2343
960.3393,539.2298
960.3402,539.22534
960.34106,539.22076
960.3419,539.2162
960.3427,539.21155
960.3435,539.2069
960.3443,539.20233
960.34503,539.1977
960.3458,539.1932
960.3465,539.1886
960.3473,539.18414
960.348,539.17975
960.3487,539.1753
960.3493,539.1709
960.3499,539.16656
960.35046,539.1623
960.351,539.1581
960.35144,539.1539
960.3518,539.1498
960.3522,539.1458
960.35236,539.14185
960.3524,539.13794
960.3525,539.1342
960.35236,539.13055
960.35223,539.12683
960.352,539.1233
960.35175,539.1199
960.35144,539.1166
960.35114,539.11334
960.3508,539.1102
960.3505,539.1073
960.3502,539.1045
960.3499,539.1017
960.3495,539.0991
960.34906,539.0967
960.3487,539.0943
960.34827,539.092
960.34784,539.08984
960.3474,539.0879
960.34705,539.08606
960.3467,539.08435
960.34625,539.0829
960.34595,539.0815
960.3457,539.08026
960.34546,539.07916
960.34534,539.0782
960.3453,539.0773
960.3454,539.0766
960.3456,539.076
960.3459,539.0755
960.34625,539.07526
960.3468,539.0751
960.3475,539.075
960.34814,539.07495
960.349,539.0749
960.3499,539.0748
960.35095,539.07477
960.3521,539.07477
960.35333,539.0747
960.3547,539.0747
960.35614,539.07465
960.3577,539.0745
960.3594,539.0744
960.36115,539.0743
960.363,539.07416
960.3649,539.07404
960.36694,539.0739
960.3691,539.0736
960.3712,539.0732
960.37354,539.0727
960.3759,539.072
960.3784,539.0711
960.381,539.0701
960.3836,539.069
960.3864,539.0676
960.3893,539.0661
960.39233,539.0645
960.3954,539.06274
960.39874,539.0608
960.40216,539.0587
960.4057,539.0565
960.40936,539.05414
960.41315,539.0517
960.4171,539.0492
960.4212,539.0466
960.4255,539.0439
960.4298,539.0411
960.43427,539.0382
960.4388,539.0353
960.44336,539.0323
960.4482,539.02924
960.453,539.02625
960.4578,539.0232
960.4628,539.02014
960.4679,539.0171
960.47314,539.014
960.47845,539.01086
960.4838,539.0078
960.48926,539.0048
960.4947,539.0019
960.50024,538.9989
960.5057,538.99603
960.5112,538.99316
960.5168,538.99023
960.5224,538.9875
960.52795,538.9848
960.53345,538.98206
960.53894,538.9794
960.5444,538.9768
960.54974,538.9742
960.555,538.9717
960.5603,538.96924
960.5654,538.9668
960.5706,538.9644
960.5756,538.9621
960.58057,538.95984
960.5856,538.9576
960.59033,538.9553
960.59515,538.9532
960.59985,538.9511
960.60455,538.94916
960.6092,538.9472
960.6137,538.9453
960.6183,538.9434
960.62274,538.9416
960.6271,538.93976
960.63153,538.93805
960.63586,538.9364
960.6401,538.9347
960.64435,538.93304
960.6485,538.9314
960.65265,538.92975
960.65674,538.92804
960.6608,538.92645
960.66486,538.9249
960.66895,538.92334
960.6729,538.92175
960.6769,538.92017
960.6808,538.91864
960.68463,538.91705
960.6885,538.91547
960.6923,538.9139
960.69617,538.91235
960.69995,538.9107
960.7038,538.9091
960.7076,538.9075
960.7113,538.9058
960.71515,538.9042
960.719,538.9025
960.72284,538.9009
960.7268,538.89935
960.73083,538.8978
960.73486,538.8963
960.739,538.8948
960.74316,538.8933
960.7474,538.89197
960.7517,538.89075
960.75604,538.8896
960.7605,538.8885
960.765,538.88745
960.76953,538.88666
960.7742,538.88605
960.7788,538.8857
960.78345,538.8855
960.78827,538.88556
960.7931,538.8859
960.7978,538.8865
960.8026,538.88727
960.8073,538.88837
960.8121,538.8896
960.8167,538.8912
960.8213,538.8929
960.8259,538.89484
960.8304,538.89703
960.8348,538.8994
960.8391,538.902
960.8433,538.9048
960.84735,538.9077
960.85126,538.91077
960.85504,538.91376
960.8587,538.91693
960.86224,538.92017
960.86566,538.92334
960.86896,538.92645
960.87213,538.92957
960.8753,538.9325
960.8783,538.93524
960.8812,538.93774
960.88416,538.94006
960.887,538.942
960.8898,538.9436
960.8926,538.9448
960.8953,538.9455
960.8982,538.9456
960.90106,538.9452
960.90393,538.9442
960.9069,538.94275
960.91,538.9408
960.913,538.9381
960.91626,538.93494
960.9195,538.9311
960.9229,538.9266
960.92645,538.9216
960.93005,538.9159
960.93384,538.90967
960.93774,538.90283
960.94165,538.89557
960.9458,538.8879
960.94995,538.87964
960.95416,538.8711
960.95844,538.86237
960.96277,538.85333
960.9672,538.8441
960.97174,538.8347
960.9762,538.82526
960.98065,538.8158
960.9851,538.8063
960.98956,538.7969
960.99396,538.7876
960.99835,538.7786
961.0026,538.76984
961.0069,538.76135
961.011,538.7532
961.015,538.7453
961.01904,538.73773
961.02295,538.7305
961.0268,538.7235
961.0305,538.717
961.0342,538.71063
961.03766,538.7046
961.0411,538.69885
961.04443,538.6934
961.0477,538.6882
961.05096,538.68317
961.05426,538.67834
961.05743,538.6736
961.06055,538.6689
961.0636,538.66425
961.06665,538.65955
961.0697,538.6549
961.0727,538.65
961.0756,538.645
961.07855,538.6398
961.0815,538.63434
961.0844,538.6287
961.0873,538.6228
961.0901,538.61664
961.0929,538.61017
961.09564,538.60345
961.0984,538.5965
961.10114,538.58923
961.1039,538.5817
961.10657,538.574
961.10913,538.56604
961.1117,538.5579
961.11426,538.5497
961.1168,538.5413
961.1193,538.53284
961.1218,538.5243
961.12427,538.51575
961.1268,538.50726
961.1292,538.4989
961.1317,538.4906
961.1343,538.4826
961.1369,538.47485
961.1396,538.46735
961.1423,538.4602
961.14514,538.4533
961.1481,538.44684
961.15125,538.4407
961.1546,538.435
961.1581,538.4297
961.1618,538.42487
961.1658,538.4203
961.17,538.4161
961.17444,538.41235
961.1792,538.4089
961.18427,538.40564
961.18976,538.4028
961.1955,538.4
961.2016,538.39746
961.208,538.39496
961.2148,538.39246
961.22186,538.39
961.22925,538.3876
961.23694,538.385
961.2449,538.3822
961.25305,538.37915
961.2614,538.37585
961.2699,538.37213
961.2787,538.3679
961.28766,538.36334
961.2967,538.3582
961.3059,538.3527
961.31525,538.3466
961.3247,538.34
961.33417,538.3329
961.3437,538.32526
961.3533,538.3171
961.3628,538.30835
961.37213,538.29913
961.3815,538.2895
961.39075,538.2794
961.39984,538.2689
961.40894,538.2581
961.4178,538.24713
961.4266,538.236
961.4352,538.2248
961.4437,538.2135
961.4521,538.2023
961.46027,538.1911
961.4683,538.1801
961.4762,538.1694
961.48395,538.15906
961.4916,538.14905
961.4991,538.13947
961.5064,538.13043
961.51355,538.122
961.5206,538.11414
961.5276,538.10693
961.5345,538.10046
961.54126,538.0947
961.548,538.0896
961.5545,538.0853
961.56085,538.08185
961.56714,538.0791
961.5733,538.0771
961.57935,538.0758
961.5853,538.0753
961.59125,538.0756
961.5971,538.0766
961.6028,538.0783
961.60834,538.0806
961.61383,538.0835
961.6192,538.0869
961.6243,538.09094
961.62933,538.09546
961.6341,538.1004
961.6389,538.10583
961.64355,538.1115
961.6479,538.1176
961.65216,538.12396
961.6563,538.1305
961.6602,538.1371
961.664,538.1439
961.6677,538.15076
961.6712,538.1578
961.6746,538.1647
961.6779,538.17163
961.68115,538.17847
961.68427,538.18506
961.6874,538.19147
961.6905,538.19745
961.69354,538.20325
961.69653,538.2085
961.6996,538.2134
961.70264,538.21783
961.7058,538.2216
961.7091,538.225
961.7126,538.22766
961.71625,538.2296
961.72015,538.2308
961.7243,538.23114
961.7288,538.2308
961.7336,538.2295
961.7388,538.2274
961.7443,538.2245
961.7504,538.2206
961.75696,538.2158
961.764,538.21014
961.7714,538.2036
961.7794,538.1963
961.7879,538.1881
961.797,538.1792
961.8066,538.1696
961.8167,538.1594
961.8274,538.14856
961.8385,538.13727
961.85004,538.1256
961.862,538.1137
961.87427,538.10156
961.8868,538.08923
961.8995,538.07684
961.91235,538.0645
961.9253,538.0523
961.9383,538.0405
961.9512,538.0291
961.9639,538.01807
961.97644,538.0074
961.9886,537.99725
962.00037,537.98773
962.0117,537.9788
962.02246,537.9706
962.03253,537.9631
962.0418,537.95624
962.05035,537.9501
962.05804,537.9446
962.06476,537.9397
962.0707,537.93536
962.07556,537.9316
962.0796,537.9284
962.08264,537.9257
962.0846,537.9234
962.0857,537.9215
962.0858,537.92
962.0851,537.9187
962.08356,537.9177
962.0813,537.91705
962.0784,537.9167
962.075,537.91626
962.071,537.916
962.06665,537.9158
962.0621,537.9156
962.05743,537.9155
962.0526,537.91547
962.04803,537.9154
962.04364,537.91547
962.0395,537.9158
962.03577,537.9163
962.03253,537.91705
962.0297,537.91815
962.02765,537.9195
962.02637,537.9214
962.0259,537.92365
962.0261,537.9263
962.0273,537.9292
962.0294,537.93256
962.03235,537.93634
962.03613,537.94055
962.0407,537.94507
962.0461,537.95
962.0522,537.9552
962.05896,537.9608
962.0663,537.96643
962.0741,537.9724
962.08234,537.9784
962.09076,537.9845
962.09937,537.9906
962.10803,537.9968
962.1168,538.0028
962.1254,538.00867
962.1338,538.01434
962.14185,538.0199
962.1494,538.0251
962.15656,538.0298
962.1631,538.0341
962.16895,538.03815
962.17413,538.0419
962.17865,538.0451
962.18225,538.048
962.185,538.0505
962.1869,538.0525
962.188,538.0542
962.18823,538.0556
962.1876,538.0568
962.18616,538.05774
962.184,538.05853
962.1814,538.05927
962.1782,538.0599
962.1744,538.06055
962.17017,538.0612
962.1657,538.0619
962.16095,538.06256
962.1561,538.0632
962.1513,538.06384
962.1465,538.0647
962.1419,538.06555
962.1376,538.06647
962.13367,538.0675
962.1303,538.06854
962.1273,538.0695
962.1249,538.07056
962.1232,538.0716
962.1224,538.0727
962.12225,538.07367
962.12286,538.07465
962.1243,538.07544
962.12665,538.07605
962.12976,538.0764
962.13367,538.0765
962.13824,538.0763
962.1437,538.07574
962.1496,538.0748
962.1562,538.0734
962.16345,538.0716
962.17114,538.06934
962.1792,538.0666
962.18756,538.0633
962.19617,538.0596
962.20496,538.05536
962.214,538.0506
962.223,538.0454
962.232,538.0397
962.24097,538.0335
962.2498,538.02686
962.25836,538.0198
962.2667,538.01227
962.2748,538.00433
962.2826,537.996
962.2901,537.9873
962.2974,537.9782
962.3044,537.96893
962.3111,537.9595
962.31757,537.9497
962.32385,537.9397
962.3299,537.9295
962.3358,537.9192
962.3417,537.90875
962.3475,537.8982
962.3533,537.88745
962.3592,537.8766
962.3652,537.86554
962.37134,537.85443
962.3777,537.8432
962.38446,537.83185
962.3914,537.8204
962.3988,537.8088
962.40674,537.7971
962.4151,537.78534
962.4241,537.7734
962.4336,537.7612
962.4437,537.7491
962.4546,537.73676
962.46606,537.7244
962.4782,537.7119
962.4911,537.6994
962.50464,537.68677
962.519,537.6741
962.53394,537.6615
962.5497,537.649
962.56604,537.63654
962.583,537.62415
962.60065,537.6118
962.61896,537.5996
962.6378,537.5876
962.6571,537.57587
962.6769,537.5644
962.697,537.5532
962.7175,537.5425
962.73834,537.532
962.7594,537.5218
962.7807,537.5119
962.8021,537.50226
962.8236,537.49286
962.8452,537.48376
962.8668,537.47485
962.8885,537.466
962.91003,537.4572
962.93146,537.44855
962.9528,537.43976
962.97406,537.4309
962.99524,537.42175
963.0163,537.4124
963.03723,537.4027
963.05817,537.39246
963.0791,537.3817
963.1001,537.3703
963.12115,537.35815
963.1424,537.3452
963.1638,537.3316
963.1855,537.31714
963.2074,537.3018
963.2297,537.2856
963.25226,537.26855
963.2752,537.25055
963.2985,537.23193
963.3221,537.2125
963.346,537.19244
963.37024,537.1718
963.3948,537.1508
963.41974,537.12933
963.4448,537.1077
963.4701,537.08606
963.49536,537.06445
963.52057,537.0431
963.5457,537.02216
963.57056,537.0017
963.5951,536.982
963.61914,536.96313
963.6425,536.94525
963.6652,536.9284
963.6871,536.9127
963.708,536.8983
963.7277,536.8854
963.74634,536.87396
963.7636,536.864
963.77966,536.8555
963.7944,536.8486
963.8077,536.8431
963.8195,536.839
963.8299,536.8363
963.83887,536.83496
963.8464,536.8348
963.85254,536.83575
963.8574,536.8376
963.8611,536.84033
963.8636,536.84375
963.865,536.8478
963.86536,536.8521
963.8648,536.8568
963.8636,536.86145
963.8617,536.86615
963.8593,536.8707
963.85657,536.8749
963.8535,536.8786
963.85034,536.8818
963.8471,536.8843
963.844,536.886
963.841,536.8869
963.8384,536.88696
963.836,536.886
963.83405,536.88403
963.83264,536.88104
963.8318,536.877
963.8315,536.8721
963.83185,536.86597
963.8328,536.85895
963.83453,536.85077
963.83685,536.8418
963.83984,536.83185
963.84344,536.8211
963.84766,536.80963
963.8524,536.7973
963.8577,536.78424
963.8636,536.77057
963.86975,536.7565
963.8762,536.7419
963.88293,536.7271
963.8899,536.7121
963.8969,536.6968
963.90405,536.68134
963.9111,536.66595
963.91785,536.6506
963.92444,536.63525
963.9307,536.62036
963.93677,536.60583
963.94244,536.5917
963.9479,536.5777
963.95294,536.56415
963.9575,536.55115
963.96173,536.5387
963.9657,536.5268
963.96936,536.51544
963.9728,536.5047
963.97614,536.4945
963.97943,536.48486
963.983,536.47565
963.9867,536.46686
963.99084,536.45844
963.99554,536.45026
964.001,536.4424
964.0073,536.4347
964.0147,536.4269
964.0234,536.41907
964.03345,536.411
964.04504,536.40265
964.0583,536.3939
964.0734,536.3847
964.0905,536.37463
964.1098,536.3639
964.13116,536.35223
964.1548,536.33966
964.18066,536.326
964.2087,536.31116
964.2389,536.29517
964.2713,536.27795
964.3058,536.2595
964.3421,536.23975
964.3802,536.2186
964.4198,536.19635
964.46075,536.1729
964.5027,536.14825
964.5455,536.1225
964.58875,536.0958
964.6322,536.06836
964.6755,536.0401
964.7183,536.0112
964.7603,535.9819
964.80133,535.9521
964.84076,535.9222
964.87854,535.89215
964.91437,535.86224
964.9481,535.83246
964.97943,535.80316
965.00824,535.77423
965.0344,535.7459
965.0579,535.7184
965.0788,535.6915
965.0971,535.6656
965.11304,535.6406
965.12665,535.6167
965.1383,535.5939
965.1483,535.5723
965.1569,535.5518
965.16455,535.53253
965.17175,535.51447
965.179,535.4977
965.18665,535.482
965.19525,535.46765
965.20544,535.45447
965.2176,535.44257
965.2323,535.4319
965.24994,535.4225
965.27094,535.41425
965.2957,535.40704
965.3245,535.401
965.35767,535.396
965.3953,535.392
965.43744,535.3891
965.4842,535.3872
965.53534,535.38617
965.5908,535.38574
965.65027,535.386
965.7133,535.3868
965.77954,535.38806
965.84845,535.3896
965.9195,535.3913
965.9919,535.393
966.065,535.3945
966.13794,535.39545
966.2101,535.3958
966.2806,535.3954
966.34875,535.3938
966.4138,535.39105
966.47504,535.387
966.5317,535.3814
966.5833,535.37415
966.6292,535.365
966.66895,535.35394
966.70233,535.3408
966.72894,535.3256
966.7488,535.3082
966.7618,535.2887
966.7679,535.2671
966.76746,535.2435
966.7607,535.2179
966.74805,535.1904
966.73,535.1613
966.70703,535.13055
966.6798,535.0985
966.64923,535.0651
966.6158,535.0309
966.58026,534.9959
966.54346,534.9603
966.5061,534.9244
966.46906,534.88824
966.43286,534.8521
966.3984,534.8162
966.366,534.7806
966.3364,534.7455
966.31006,534.7109
966.2873,534.6767
966.2685,534.6432
966.2537,534.6104
966.24316,534.57825
966.2368,534.54675
966.2345,534.51575
966.23615,534.48517
966.24146,534.45514
966.25024,534.4253
966.262,534.3957
966.2766,534.3662
966.29346,534.3366
966.312,534.307
966.332,534.2771
966.3527,534.2469
966.37384,534.2164
966.39514,534.1855
966.4162,534.15405
966.43646,534.1223
966.45575,534.09015
966.47394,534.0575
966.49066,534.0246
966.50586,533.9915
966.5194,533.95825
966.5314,533.92505
966.5417,533.8919
966.5506,533.859
966.55804,533.8265
966.5643,533.79456
966.5693,533.76337
966.5733,533.7331
966.5765,533.7038
966.57904,533.67566
966.581,533.6486
966.5826,533.62274
966.58386,533.5983
966.5848,533.57544
966.58545,533.554
966.58575,533.53394
966.5856,533.51526
966.5849,533.498
966.5834,533.48206
966.5809,533.46735
966.5771,533.4537
966.5717,533.4409
966.5645,533.429
966.5548,533.4176
966.5426,533.4067
966.52747,533.396
966.5089,533.3853
966.48676,533.3745
966.4605,533.36346
966.4302,533.35187
966.3953,533.3395
966.3558,533.32623
966.3114,533.3121
966.2624,533.2967
966.2086,533.2801
966.14996,533.2622
966.0868,533.2428
966.0191,533.22205
965.9473,533.19995
965.8718,533.17645
965.7929,533.15173
965.7112,533.126
965.62695,533.09924
965.5409,533.07184
965.4535,533.04407
965.3654,533.0161
965.2773,532.9884
965.1897,532.9614
965.1033,532.93555
965.01874,532.91113
964.93677,532.88873
964.8579,532.869
964.78284,532.85223
964.7122,532.8391
964.6464,532.83
964.5861,532.82556
964.5316,532.8259
964.4832,532.83167
964.4414,532.84314
964.4065,532.8606
964.3786,532.8842
964.3579,532.914
964.34454,532.95013
964.3385,532.9925
964.33966,533.0408
964.34796,533.0947
964.3633,533.154
964.3852,533.21796
964.4136,533.28625
964.44794,533.35803
964.4879,533.43274
964.53314,533.5095
964.583,533.58765
964.63715,533.6662
964.695,533.74445
964.756,533.8214
964.81976,533.8965
964.88574,533.96893
964.9534,534.0379
965.0224,534.1031
965.09235,534.1638
965.16284,534.2196
965.23346,534.27045
965.3041,534.31616
965.3744,534.35657
965.4442,534.39166
965.5135,534.42163
965.5821,534.4469
965.65,534.4677
965.7172,534.4846
965.78375,534.4979
965.8496,534.50824
965.915,534.5161
965.9799,534.5222
966.04443,534.5271
966.1087,534.53125
966.17267,534.5352
966.23645,534.53955
966.3,534.5445
966.3635,534.55054
966.42694,534.55786
966.4902,534.56665
966.553,534.5771
966.61554,534.589
966.67755,534.6024
966.7388,534.6171
966.79926,534.63293
966.85876,534.6493
966.9173,534.6659
966.97473,534.68243
967.0309,534.69836
967.0857,534.7133
967.13904,534.72675
967.1911,534.7381
967.24176,534.747
967.2912,534.7532
967.33966,534.7561
967.38727,534.7555
967.43427,534.75116
967.481,534.74304
967.52783,534.731
967.57513,534.715
967.6232,534.69525
967.67255,534.6719
967.7236,534.6452
967.7768,534.61566
967.8325,534.58356
967.89124,534.54944
967.9531,534.51373
968.0186,534.4771
968.0878,534.44006
968.16095,534.4033
968.23804,534.3675
968.319,534.3331
968.4037,534.3008
968.492,534.27094
968.5836,534.24396
968.6783,534.2203
968.77545,534.2003
968.87463,534.18414
968.9755,534.1718
969.0775,534.1636
969.18,534.15906
969.28253,534.15826
969.3845,534.1609
969.48566,534.16644
969.58527,534.1745
969.6831,534.18445
969.779,534.1957
969.8728,534.20746
969.96454,534.2191
970.0542,534.22974
970.14215,534.23846
970.2286,534.24457
970.31384,534.2472
970.3984,534.2455
970.48285,534.23865
970.5679,534.2261
970.6541,534.2071
970.7421,534.181
970.83264,534.14746
970.9264,534.10596
971.0238,534.0564
971.1254,533.9985
971.2316,533.9323
971.34265,533.858
971.4587,533.77563
971.5796,533.6859
971.7052,533.5892
971.83527,533.4861
971.96924,533.3774
972.1065,533.2641
972.2464,533.1471
972.3879,533.0274
972.5301,532.90607
972.672,532.78436
972.81256,532.66345
972.9506,532.54443
973.085,532.4284
973.2147,532.3166
973.3389,532.2099
973.45667,532.1093
973.56714,532.0156
973.6698,531.9295
973.7641,531.85156
973.8497,531.7822
973.9266,531.72174
973.99475,531.67017
974.05444,531.6276
974.1062,531.5938
974.1505,531.5685
974.18835,531.5512
974.2205,531.5412
974.2483,531.5379
974.27277,531.54047
974.2953,531.5483
974.3174,531.56006
974.34033,531.575
974.36584,531.59216
974.39545,531.6106
974.4305,531.62915
974.4724,531.64703
974.5227,531.6632
974.5826,531.6771
974.6532,531.68787
974.7353,531.6948
974.8298,531.69763
974.937,531.6957
975.0574,531.6887
975.19104,531.67645
975.33765,531.6589
975.4969,531.6358
975.66797,531.6075
975.8499,531.5741
976.04144,531.5359
976.2413,531.4932
976.44775,531.44653
976.6592,531.39624
976.87384,531.34296
977.0894,531.2869
977.3042,531.229
977.5163,531.1697
977.72375,531.1095
977.9247,531.0489
978.11743,530.9883
978.3005,530.92834
978.47253,530.8694
978.6325,530.8117
978.7797,530.75574
978.9134,530.7017
979.0335,530.6497
979.14,530.60004
979.2331,530.55273
979.31335,530.5079
979.38165,530.4653
979.439,530.4249
979.4866,530.3867
979.5255,530.35046
979.5577,530.3159
979.5845,530.2829
979.6075,530.2511
979.6283,530.22003
979.6487,530.1896
979.67017,530.1592
979.69415,530.1286
979.722,530.09735
979.7549,530.06506
979.79395,530.0314
979.84015,529.9958
979.8939,529.9581
979.9559,529.91797
980.02625,529.875
980.1053,529.82886
980.1926,529.77954
980.288,529.7268
980.39105,529.67053
980.5009,529.6108
980.61676,529.5475
980.7376,529.48083
980.86237,529.41095
980.98987,529.3382
981.11865,529.2628
981.24744,529.1853
981.3748,529.1061
981.4995,529.0257
981.62,528.94464
981.7349,528.86346
981.843,528.78284
981.94324,528.70325
982.0346,528.6253
982.11615,528.5498
982.1872,528.4771
982.2472,528.40753
982.2958,528.34186
982.333,528.2802
982.3589,528.223
982.37396,528.1704
982.37866,528.1225
982.37396,528.07935
982.36084,528.0409
982.3406,528.00684
982.31464,527.97705
982.2844,527.9511
982.2519,527.9288
982.2187,527.90936
982.1868,527.8925
982.1584,527.8775
982.1351,527.86365
982.1189,527.8505
982.11163,527.83746
982.11487,527.8238
982.13025,527.809
982.159,527.79254
982.2022,527.77386
982.2608,527.7527
982.33527,527.72864
982.42584,527.7016
982.5324,527.67145
982.6548,527.63824
982.79224,527.6021
982.94385,527.56335
983.1083,527.52234
983.284,527.4795
983.46924,527.4354
983.6621,527.39087
983.8605,527.34644
984.0621,527.30273
984.2646,527.26074
984.46576,527.2211
984.6631,527.1847
984.85443,527.15216
985.03766,527.12415
985.21063,527.1011
985.3718,527.0834
985.5195,527.07135
985.65247,527.0652
985.76965,527.0648
985.8705,527.07007
985.9545,527.08057
986.022,527.0959
986.073,527.11536
986.10815,527.13806
986.1285,527.1632
986.135,527.1897
986.1293,527.2163
986.1126,527.24176
986.08685,527.2652
986.05365,527.2853
986.0149,527.30066
985.97217,527.3101
985.9272,527.31274
985.88165,527.30743
985.837,527.29333
985.7944,527.2696
985.75494,527.2358
985.7195,527.19147
985.68866,527.13635
985.6629,527.07056
985.6426,526.99426
985.6276,526.9078
985.6181,526.8118
985.6137,526.7072
985.6142,526.59503
985.61945,526.47644
985.62915,526.35297
985.64307,526.2259
985.6611,526.09717
985.6833,525.96826
985.70984,525.84125
985.74097,525.7179
985.7773,525.6001
985.8194,525.4895
985.8682,525.3879
985.9247,525.29694
985.9898,525.21783
986.0648,525.152
986.1508,525.10034
986.24884,525.0635
986.36,525.04175
986.48517,525.0352
986.62524,525.04376
986.7807,525.06665
986.95166,525.10297
987.13824,525.1515
987.3401,525.2106
987.5565,525.2783
987.78644,525.3526
988.02875,525.431
988.28174,525.5113
988.54333,525.59064
988.81146,525.66644
989.0838,525.736
989.35785,525.7969
989.63086,525.8466
989.9002,525.883
990.16315,525.9041
990.4171,525.9083
990.6594,525.89435
990.8877,525.8616
991.09985,525.80945
991.29376,525.7382
991.46765,525.6484
991.6202,525.54095
991.75006,525.4178
991.8564,525.2808
991.9388,525.13275
991.99695,524.97626
992.031,524.8146
992.0414,524.6513
992.02893,524.48987
991.99457,524.3342
991.93976,524.1882
991.8662,524.0552
991.7758,523.9388
991.6707,523.84216
991.5536,523.76807
991.427,523.7188
991.294,523.6963
991.1577,523.70154
991.0214,523.7352
990.8885,523.79706
990.76245,523.8862
990.647,524.0011
990.5454,524.1395
990.4613,524.2986
990.3979,524.47473
990.3585,524.6641
990.34595,524.86224
990.3629,525.06445
990.41156,525.26587
990.4938,525.46136
990.6111,525.64606
990.7642,525.8151
990.95374,525.96423
991.17926,526.0894
991.4402,526.1873
991.7355,526.2552
992.06323,526.29114
992.42096,526.29407
992.8059,526.26385
993.2147,526.2014
993.64374,526.1086
994.0888,525.988
994.54553,525.8435
995.0095,525.6796
995.4758,525.50183
995.9398,525.316
996.39655,525.1288
996.8416,524.94727
997.27045,524.77844
997.67926,524.62946
998.06415,524.50745
998.42206,524.419
998.75,524.3703
999.046,524.3667
999.3088,524.41284
999.5372,524.5122
999.73126,524.6673
999.89166,524.8792
1000.01965,525.1479
1000.11725,525.47186
1000.1871,525.8485
1000.2324,526.2739
1000.2568,526.743
1000.26465,527.2494
1000.2607,527.78595
1000.2498,528.345
1000.2372,528.91785
1000.2281,529.4957
1000.2278,530.0696
1000.2415,530.63043
1000.27435,531.16956
1000.33093,531.67865
1000.4158,532.15015
1000.5327,532.57715
1000.6851,532.95386
1000.8758,533.2755
1001.10675,533.5383
1001.3793,533.73987
1001.6942,533.87897
1002.05133,533.9555
1002.44965,533.9705
1002.8877,533.9262
1003.36304,533.8256
1003.8727,533.6726
1004.4131,533.47186
1004.98035,533.2286
1005.5698,532.9481
1006.177,532.6365
1006.7968,532.29974
1007.42444,531.94366
1008.0551,531.57416
1008.6841,531.1968
1009.307,530.8168
1009.92,530.4391
1010.5194,530.0683
1011.1023,529.70844
1011.66626,529.3633
1012.20935,529.0361
1012.73035,528.7296
1013.2285,528.4468
1013.7035,528.1898
1014.15533,527.961
1014.5848,527.7622
1014.9925,527.5952
1015.3795,527.46185
1015.747,527.3638
1016.0962,527.3022
1016.42804,527.2783
1016.74384,527.2933
1017.0446,527.3475
1017.33136,527.4412
1017.6049,527.5742
1017.86633,527.74524
1018.1163,527.9527
1018.3556,528.19385
1018.5854,528.465
1018.8065,528.7618
1019.0204,529.0785
1019.2282,529.4087
1019.4316,529.74493
1019.6323,530.079
1019.8326,530.4019
1020.03424,530.70447
1020.23987,530.97705
1020.4518,531.2102
1020.6723,531.3946
1020.9039,531.5218
1021.1487,531.58386
1021.4086,531.5743
1021.6855,531.4877
1021.9806,531.3205
1022.2949,531.07086
1022.6288,530.7389
1022.9819,530.3265
1023.35364,529.83777
1023.74316,529.2786
1024.1486,528.65686
1024.568,527.98224
1024.9988,527.2657
1025.4381,526.5198
1025.883,525.75775
1026.3302,524.9938
1026.7762,524.2424
1027.2178,523.51807
1027.6516,522.8352
1028.0747,522.20734
1028.4841,521.6471
1028.8778,521.16565
1029.2535,520.77277
1029.6101,520.4764
1029.9465,520.2824
1030.262,520.1945
1030.5566,520.21405
1030.8313,520.33997
1031.087,520.569
1031.3247,520.8953
1031.5466,521.3111
1031.7545,521.80615
1031.9508,522.3688
1032.1377,522.98517
1032.3179,523.6406
1032.4939,524.3192
1032.668,525.0044
1032.842,525.679
1033.0188,526.3264
1033.1997,526.93
1033.3861,527.47424
1033.5795,527.94464
1033.7806,528.328
1033.9906,528.61304
1034.2095,528.7904
1034.4375,528.85315
1034.6741,528.7965
1034.9191,528.61816
1035.1715,528.3184
1035.4299,527.89996
1035.6931,527.3679
1035.9595,526.72955
1036.227,525.9942
1036.4934,525.1731
1036.7561,524.2786
1037.0127,523.32465
1037.2603,522.32544
1037.4958,521.29584
1037.7164,520.25037
1037.9191,519.2033
1038.1011,518.1679
1038.2598,517.15643
1038.3932,516.1795
1038.4995,515.2462
1038.5775,514.36365
1038.6271,513.53674
1038.6483,512.76874
1038.6431,512.06055
1038.6133,511.41162
1038.5624,510.8194
1038.4943,510.27988
1038.414,509.78787
1038.3271,509.33722
1038.2406,508.92126
1038.1614,508.5329
1038.097,508.16516
1038.0548,507.81122
1038.0421,507.4649
1038.0667,507.1207
1038.1353,506.77405
1038.2539,506.42133
1038.4279,506.06003
1038.6616,505.68872
1038.9583,505.307
1039.32,504.9155
1039.7472,504.51566
1040.24,504.1096
1040.7964,503.70004
1041.414,503.2902
1042.0884,502.8832
1042.815,502.4824
1043.5883,502.09064
1044.4022,501.71063
1045.2499,501.3442
1046.1248,500.9926
1047.02,500.6561
1047.9287,500.33408
1048.8448,500.02472
1049.762,499.72552
1050.6747,499.43283
1051.5782,499.1424
1052.4678,498.84915
1053.34,498.5479
1054.1914,498.23315
1055.0192,497.89966
1055.8213,497.54257
1056.5956,497.15787
1057.34,496.7425
1058.0526,496.29465
1058.7317,495.81387
1059.3754,495.30127
1059.9813,494.7593
1060.5471,494.19186
1061.0697,493.60403
1061.546,493.00195
1061.972,492.39252
1062.3441,491.78296
1062.6582,491.18066
1062.91,490.59283
1063.0952,490.02606
1063.2096,489.4862
1063.2498,488.97812
1063.212,488.50555
1063.0944,488.071
1062.8953,487.67572
1062.6147,487.3197
1062.2539,487.00198
1061.8162,486.72055
1061.3063,486.47275
1060.7314,486.2553
1060.1013,486.0646
1059.4275,485.89694
1058.7242,485.74866
1058.0078,485.61652
1057.2971,485.49768
1056.6122,485.38974
1055.975,485.2913
1055.4087,485.20148
1054.9365,485.12048
1054.5812,485.0491
1054.3655,484.98923
1054.3098,484.9432
1054.4321,484.9142
1054.7472,484.90598
1055.2664,484.92258
1055.996,484.96844
1056.9382,485.04788
1058.0896,485.1652
1059.4408,485.32434
1060.978,485.52863
1062.6818,485.78052
1064.5273,486.08148
1066.4868,486.43185
1068.5277,486.83038
1070.615,487.27444
1072.7115,487.75964
1074.7795,488.28003
1076.781,488.82782
1078.6787,489.39368
1080.4381,489.9667
1082.0267,490.5345
1083.416,491.08353
1084.5826,491.5993
1085.5076,492.0666
1086.1779,492.46985
1086.5865,492.79352
1086.7329,493.02222
1086.6224,493.14133
1086.2666,493.1374
1085.6824,492.9985
1084.8925,492.71472
1083.9237,492.27856
1082.8065,491.68552
1081.5743,490.93448
1080.2625,490.02823
1078.9064,488.97366
1077.5411,487.78217
1076.2008,486.46985
1074.9166,485.05746
1073.7166,483.5702
1072.6249,482.03745
1071.6614,480.4924
1070.8417,478.97092
1070.1761,477.51086
1069.6708,476.1511
1069.328,474.93008
1069.1458,473.88483
1069.1189,473.04947
1069.2395,472.45428
1069.4974,472.12445
1069.8811,472.079
1070.3774,472.3305
1070.9731,472.8841
1071.6548,473.73755
1072.4087,474.88126
1073.2222,476.29825
1074.0837,477.96497
1074.9824,479.85168
1075.909,481.92386
1076.8557,484.14273
1077.8165,486.46677
1078.7877,488.8529
1079.7675,491.25778
1080.7557,493.63907
1081.7546,495.95676
1082.7678,498.17416
1083.8009,500.25903
1084.86,502.1843
1085.9521,503.92874
1087.084,505.4773
1088.2616,506.82117
1089.4891,507.95786
1090.7688,508.89066
1092.0996,509.62814
1093.4773,510.1835
1094.8937,510.5735
1096.3365,510.8178
1097.7896,510.93787
1099.2328,510.95593
1100.6434,510.8944
1101.996,510.7746
1103.2634,510.6167
1104.4188,510.4388
1105.4358,510.25684
1106.2898,510.08423
1106.9592,509.9318
1107.4269,509.80795
1107.6798,509.71857
1107.7109,509.66736
1107.519,509.65604
1107.1089,509.68445
1106.4912,509.7509
1105.6829,509.8523
1104.706,509.98447
1103.5884,510.14215
1102.3615,510.31937
1101.0603,510.50955
1099.7231,510.70554
1098.39,510.89966
1097.1019,511.08417
1095.8998,511.25113
1094.8236,511.39243
1093.9117,511.50006
1093.2003,511.5662
1092.7217,511.58325
1092.5043,511.54407
1092.5725,511.4418
1092.9446,511.27063
1093.6343,511.0252
1094.6486,510.70142
1095.9889,510.29633
1097.6504,509.80835
1099.6221,509.23746
1101.887,508.5855
1104.4224,507.856
1107.2002,507.05447
1110.1886,506.18848
1113.3511,505.26712
1116.6481,504.3016
1120.0381,503.30423
1123.4777,502.28867
1126.9235,501.26923
1130.3328,500.26053
1133.6642,499.27716
1136.879,498.3331
1139.9419,497.4412
1142.822,496.61264
1145.4939,495.8569
1147.9373,495.18088
1150.1383,494.58896
1152.0896,494.08264
1153.7906,493.6606
1155.2467,493.31888
1156.4692,493.0505
1157.4752,492.8464
1158.285,492.6955
1158.9231,492.58514
1159.4155,492.50186
1159.7893,492.43173
1160.0719,492.36096
1160.29,492.2765
1160.4697,492.16632
1160.6354,492.02005
1160.8099,491.82892
1161.016,491.5864
1161.2747,491.28796
1161.6074,490.93158
1162.0352,490.5174
1162.5793,490.04785
1163.2612,489.52768
1164.1019,488.9636
1165.122,488.36395
1166.3412,487.7384
1167.7773,487.09732
1169.446,486.4513
1171.36,485.81027
1173.5281,485.18307
1175.9553,484.5767
1178.6418,483.99585
1181.5828,483.44278
1184.7678,482.91714
1188.181,482.4163
1191.8,481.93555
1195.5969,481.46912
1199.5371,481.0104
1203.5802,480.55307
1207.6803,480.0914
1211.7866,479.62115
1215.8442,479.13983
1219.796,478.6468
1223.5831,478.14328
1227.1475,477.63242
1230.4325,477.1188
1233.3857,476.60828
1235.9594,476.10733
1238.1122,475.6228
1239.8107,475.16177
1241.0294,474.73117
1241.752,474.33746
1241.9708,473.98682
1241.6874,473.68475
1240.9116,473.4364
1239.6615,473.24634
1237.9626,473.11868
1235.8469,473.05707
1233.352,473.06467
1230.5219,473.1439
1227.4047,473.29614
1224.0536,473.52164
1220.526,473.81882
1216.884,474.18423
1213.1936,474.61188
1209.5244,475.09283
1205.95,475.61517
1202.5465,476.164
1199.3916,476.72165
1196.5626,477.26794
1194.1353,477.78107
1192.181,478.23834
1190.7655,478.61707
1189.9462,478.8956
1189.7693,479.0542
1190.2694,479.0758
1191.4672,478.947
1193.3683,478.6581
1195.9631,478.20377
1199.2267,477.5829
1203.1187,476.7986
1207.5841,475.8582
1212.5549,474.77237
1217.9513,473.55493
1223.6832,472.22214
1229.653,470.79132
1235.757,469.28027
1241.8894,467.7058
1247.9435,466.0826
1253.8152,464.42154
1259.4065,462.72873
1264.6274,461.0045
1269.3986,459.24286
1273.6538,457.43173
1277.3418,455.55362
1280.4274,453.58746
1282.8922,451.51102
1284.7346,449.30374
1285.9694,446.9499
1286.6267,444.44168
1286.7499,441.78165
1286.3948,438.98453
1285.627,436.07794
1284.5194,433.1023
1283.1509,430.10983
1281.6036,427.16266
1279.9608,424.3308
1278.3048,421.68948
1276.715,419.31653
1275.2662,417.28934
1274.0277,415.68222
1273.0612,414.56308
1272.42,413.99063
1272.1498,414.01147
1272.2856,414.65744
1272.8541,415.94385
1273.8721,417.86807
1275.3467,420.40894
1277.2756,423.52725
1279.6469,427.16663
1282.4393,431.2552
1285.6229,435.70804
1289.1599,440.42953
1293.0035,445.31653
1297.1008,450.2617
1301.3931,455.15662
1305.8165,459.8958
1310.3043,464.3804
1314.7872,468.5214
1319.1957,472.2432
1323.4615,475.4863
1327.519,478.20865
1331.3064,480.38644
1334.7676,482.013
1337.8533,483.0964
1340.5222,483.6564
1342.7423,483.72006
1344.4912,483.31796
1345.7563,482.4809
1346.5364,481.2376
1346.8405,479.61417
1346.6882,477.63464
1346.1093,475.32288
1345.1436,472.7049
1343.8392,469.8111
1342.2523,466.67828
1340.446,463.35065
1338.4888,459.87967
1336.4534,456.32364
1334.4152,452.74622
1332.4507,449.2147
1330.6364,445.79803
1329.0472,442.56494
1327.7542,439.58212
1326.824,436.91223
1326.3164,434.61212
1326.2828,432.7311
1326.7643,431.30896
1327.7888,430.3738
1329.3696,429.94022
1331.5028,430.00723
1334.1664,430.55722
1337.32,431.55502
1340.9067,432.94797
1344.8566,434.66672
1349.091,436.62723
1353.5295,438.73312
1358.0969,440.8785
1362.7288,442.9516
1367.3772,444.8394
1372.0135,446.43274
1376.628,447.63315
1381.2274,448.36014
1385.8284,448.55847
1390.4523,448.20422
1395.1163,447.30777
1399.8278,445.91348
1404.58,444.09506
1409.3506,441.94797
1414.102,439.57968
1418.7848,437.10028
1423.3419,434.6145
1427.713,432.2165
1431.8375,429.98685
1435.6592,427.9921
1439.1267,426.28555
1442.1971,424.90842
1444.8357,423.8912
1447.0178,423.25436
1448.7281,423.00897
1449.9624,423.15714
1450.7263,423.69202
1451.0366,424.598
1450.9203,425.8512
1450.414,427.41974
1449.5632,429.26443
1448.4221,431.33954
1447.051,433.5938
1445.5157,435.97125
1443.8849,438.41245
1442.2277,440.85577
1440.6101,443.23886
1439.0929,445.50012
1437.7281,447.58084
1436.5599,449.42798
1435.6256,450.99692
1434.962,452.25476
1434.6116,453.18335
1434.6256,453.77933
1435.0614,454.05292
1435.9696,454.02258
1437.375,453.70795
1439.2535,453.12216
1441.5173,452.26572
1444.0122,451.12332
1446.5288,449.66394
1448.8236,447.84372
1450.6455,445.61072
1451.7634,442.91257
1451.9939,439.70636
1451.228,435.97043
1449.4515,431.7142
1446.7507,426.9821
1443.299,421.84775
1439.3236,416.4007
1435.0657,410.7296
1430.7435,404.91083
1426.5361,399.00626
1422.5818,393.07025
1418.9908,387.1599
1415.8591,381.34378
1413.2775,375.70416
1411.3333,370.3346
1410.1084,365.3336
1409.6744,360.79846
1410.0886,356.82
1411.3914,353.47885
1413.6045,350.84286
1416.7303,348.96512
1420.7516,347.8826
1425.6305,347.61523
1431.31,348.16495
1437.7126,349.51498
1444.7375,351.6286
1452.2545,354.44754
1460.0955,357.89087
1468.0502,361.85757
1475.8782,366.23746
1483.3477,370.9318
1490.2886,375.87576
1496.6335,381.04855
1502.4154,386.45935
1507.7177,392.11398
1512.6139,397.98328
1517.1323,403.9905
1521.2579,410.02097
1524.9542,415.9395
1528.1829,421.60526
1530.9127,426.87976
1533.123,431.6314
1534.8048,435.73865
1535.9603,439.0925
1536.604,441.59924
1536.7611,443.1827
1536.4688,443.7861
1535.7745,443.37344
1534.735,441.93066
1533.4153,439.4661
1531.8878,436.01035
1530.2305,431.6161
1528.5248,426.35718
1526.8549,420.3275
1525.3042,413.63818
1523.9575,406.41785
1522.8883,398.8026
1522.1885,390.95456
1521.8737,382.99756
1522.154,375.18835
1522.6388,367.41623
1524.6475,360.6029
