1122.6387,1227.1024
1150.487,1197.565
1178.8593,1168.508
1207.5269,1139.8405
1236.2634,1111.4834
1264.8442,1083.3727
1293.049,1055.4578
1320.6609,1027.703
1347.47,1000.0872
1373.2728,972.603
1397.8739,945.257
1421.0868,918.0682
1442.7351,891.06744
1462.6537,864.2963
1480.6893,837.8057
1496.7017,811.6545
1510.5638,785.9083
1522.1641,760.6381
1531.4053,735.9189
1538.2063,711.82794
1542.5021,688.44403
1544.2441,665.8459
1543.401,644.1111
1539.9583,623.31506
1533.9183,603.5297
1525.3009,584.8231
1514.1428,567.2581
1500.4968,550.8917
1484.4326,535.7749
1466.035,521.95166
1445.4044,509.4586
1422.6556,498.32468
1397.9171,488.57092
1371.3304,480.21024
1343.0483,473.2473
1313.2356,467.6786
1282.0662,463.49222
1249.7225,460.6683
1216.395,459.17896
1182.2803,458.98865
1147.5801,460.0543
1112.4996,462.32578
1077.2466,465.74615
1042.0305,470.25217
1007.0598,475.77484
972.5418,482.2397
938.6811,489.56744
905.67816,497.67453
873.72845,506.47363
843.02057,515.8744
813.73584,525.7839
786.04663,536.10724
760.1156,546.7486
736.09485,557.61115
714.1246,568.59827
694.3328,579.61395
676.8343,590.5634
661.72974,601.3536
649.1055,611.89404
639.03326,622.0972
631.5692,631.8791
626.75415,641.1597
624.613,649.8637
625.1548,657.9206
628.37305,665.26544
634.24536,671.8388
642.7339,677.5877
653.78564,682.46545
667.3328,686.43207
683.2933,689.4544
701.5712,691.5064
722.0578,692.56934
744.63165,692.63153
769.1601,691.68884
795.49976,689.7443
823.4974,686.8083
852.99084,682.8984
883.81067,678.0391
915.7805,672.2618
948.7183,665.6042
982.4378,658.1108
1016.7491,649.83167
1051.4607,640.8229
1086.3796,631.14575
1121.3132,620.8664
1156.0702,610.0554
1190.4617,598.7877
1224.3025,587.14136
1257.4117,575.19745
1289.6145,563.0399
1320.7427,550.7543
1350.6353,538.4275
1379.1401,526.1478
1406.1144,514.00354
1431.4253,502.08267
1454.9509,490.47247
1476.5808,479.25888
1496.2166,468.52606
1513.7721,458.3557
1529.1742,448.82678
1542.3629,440.01486
1553.2921,431.99182
1561.9286,424.82526
1568.2528,418.57837
1572.2589,413.30945
1573.9546,409.07178
1573.3604,405.91312
1570.5096,403.87582
1565.4484,402.99658
1558.234,403.3063
1548.9352,404.83038
1537.6315,407.58844
1524.4115,411.59482
1509.3726,416.8585
1492.6198,423.38367
1474.2649,431.16977
1454.4246,440.21234
1433.2197,450.50314
1410.7738,462.031
1387.2118,474.7822
1362.6578,488.74112
1337.2346,503.89096
1311.062,520.2144
1284.2548,537.69415
1256.922,556.31354
1229.1647,576.0568
1201.0759,596.9097
1172.7384,618.85974
1144.2242,641.89606
1115.5941,666.0097
1086.8965,691.1927
1058.168,717.4379
1029.4326,744.7385
1000.7028,773.0867
971.9794,802.4723
943.2528,832.88184
914.5048,864.2964
885.7092,896.6903
856.8339,930.0292
827.8432,964.2678
798.6992,999.34906
769.3651,1035.2009
739.8067,1071.7362
709.9948,1108.8502
679.90796,1146.4203
649.5339,1184.3052
618.87146,1222.3444
587.9326,1260.3584
556.7433,1298.1498
525.3444,1335.5045
493.79245,1372.1934
462.1592,1407.9738
430.53192,1442.5927
399.01227,1475.7904
367.71524,1507.3025
336.76788,1536.8641
306.30734,1564.2141
276.479,1589.0977
247.43416,1611.271
219.32777,1630.5048
192.31602,1646.5872
166.55403,1659.3275
142.19324,1668.5592
119.37941,1674.1417
98.25025,1675.9631
78.933655,1673.9414
61.54582,1668.0256
46.189774,1658.1975
32.95407,1644.4706
21.911758,1626.8904
13.1195545,1605.5339
6.617286,1580.5094
2.4275758,1551.954
0.5556834,1520.0337
0.9895928,1484.9396
3.7002597,1446.8876
8.642021,1406.1157
15.753145,1362.8818
24.956501,1317.4613
36.16037,1270.1444
49.259293,1221.2345
64.13504,1171.0444
80.65762,1119.8949
98.68641,1068.1117
118.07119,1016.02313
138.65337,963.9581
160.2672,912.24347
182.74084,861.2016
205.89787,811.14844
229.55817,762.39154
253.53938,715.2277
277.65814,669.9414
301.73123,626.8031
325.57672,586.0671
349.01517,547.9704
371.87094,512.7314
393.97318,480.54822
415.15692,451.598
435.264,426.03568
454.1443,403.99335
471.6564,385.5792
487.66855,370.87756
502.05957,359.94818
514.71936,352.82602
525.5497,349.5213
534.46484,350.01974
541.3918,354.28253
546.2709,362.24686
549.05597,373.8267
549.7152,388.9131
548.2301,407.37534
544.5966,429.06183
538.8245,453.80118
530.93756,481.4034
520.973,511.66122
508.98178,544.35156
495.02753,579.2369
479.1865,616.06696
461.547,654.58057
442.2088,694.5071
421.2823,735.56805
398.88788,777.4795
375.1552,819.95325
350.22223,862.699
324.2344,905.4263
297.34375,947.8456
269.70773,989.6711
241.4885,1030.6222
212.85165,1070.4247
183.96538,1108.8132
154.99918,1145.5322
126.123146,1180.3379
97.506645,1212.9989
69.31737,1243.2993
41.720325,1271.0381
14.876863,1296.0315
-11.056353,1318.1134
-35.92821,1337.1366
-59.59408,1352.9735
-81.91663,1365.5168
-102.76666,1374.6805
-122.023796,1380.3992
-139.57721,1382.6292
-155.32623,1381.3491
-169.18085,1376.5587
-181.06232,1368.2798
-190.90343,1356.5554
-198.64896,1341.4498
-204.25587,1323.0476
-207.69362,1301.4536
-208.94409,1276.7916
-208.00177,1249.2036
-204.87369,1218.8492
-199.57933,1185.9048
-192.15038,1150.5609
-182.63057,1113.0228
-171.07527,1073.5085
-157.55116,1032.2465
-142.13568,989.4757
-124.916664,945.44336
-105.99162,900.40314
-85.46718,854.61395
-63.458374,808.3385
-40.08792,761.8411
-15.485421,715.3868
10.213394,669.239
36.867573,623.6584
64.33179,578.901
92.457245,535.21704
121.0926,492.8488
150.08485,452.0298
179.28036,412.98288
208.5257,375.91907
237.66861,341.03625
266.55896,308.5178
295.0496,278.53165
322.9972,251.22917
350.26315,226.744
376.7145,205.19118
402.22452,186.66658
426.67337,171.24591
449.9492,158.98428
471.9483,149.91562
492.57602,144.0523
511.74698,141.38487
529.38556,141.88197
545.4264,145.49031
559.81464,152.13481
572.506,161.719
583.4669,174.12543
592.6746,189.21649
600.11725,206.83524
605.79333,226.80655
609.71216,248.9384
611.8928,273.0235
612.36456,298.84103
611.1657,326.15848
608.3438,354.73404
603.95483,384.3187
598.06256,414.65872
590.7382,445.49844
582.0595,476.58264
572.11053,507.65918
560.98047,538.4818
548.7637,568.8122
535.5584,598.42303
521.46686,627.09924
506.59402,654.64087
491.04745,680.864
474.93658,705.60266
458.37228,728.7095
441.46637,750.0567
424.331,769.5366
407.07828,787.0614
389.8199,802.56323
372.66644,815.99396
355.72705,827.32404
339.10904,836.54205
322.91727,843.6536
307.2538,848.6807
292.2173,851.65985
277.90247,852.64136
264.39987,851.6881
251.79498,848.87463
240.16806,844.2855
229.59346,838.0148
220.13918,830.1644
211.86646,820.84406
204.82932,810.16956
199.07422,798.2625
194.63965,785.24927
191.55592,771.26013
189.84491,756.42896
189.51974,740.8918
190.58488,724.78674
193.0359,708.2533
196.8596,691.43115
202.03397,674.45966
208.5284,657.4775
216.30388,640.62146
225.31322,624.0262
235.50133,607.82294
246.8056,592.1394
259.15643,577.09894
272.47754,562.8192
286.68646,549.4125
301.69525,536.9844
317.41095,525.63367
333.73615,515.4514
350.56967,506.521
367.80734,498.91678
385.34247,492.70438
403.06665,487.94012
420.87036,484.6708
438.6438,482.93344
456.27734,482.75497
473.6625,484.15234
490.69244,487.13242
507.26263,491.69177
523.2714,497.81702
538.6209,505.4849
553.2174,514.6623
566.97174,525.30676
579.80023,537.36676
591.62494,550.7817
602.374,565.48285
611.98254,581.3936
620.39215,598.4299
627.55225,616.5007
633.4197,635.50885
637.959,655.3517
641.143,675.92145
642.95245,697.1061
643.37646,718.7901
642.41254,740.8551
640.0661,763.1806
636.351,785.6448
631.2891,808.1251
624.91003,830.4994
617.251,852.64624
608.3568,874.446
598.27924,895.7811
587.0767,916.5375
574.81433,936.6044
561.56274,955.87573
547.39825,974.2503
532.40216,991.63257
516.66016,1007.9331
500.26202,1023.0692
483.30066,1036.9653
465.872,1049.5537
448.07413,1060.774
430.00674,1070.5746
411.77066,1078.9122
393.46686,1085.7522
375.1964,1091.0691
357.0594,1094.8466
339.15457,1097.077
321.57877,1097.7621
304.42624,1096.9126
287.78806,1094.5481
271.75195,1090.6968
256.40128,1085.3958
241.81496,1078.6901
228.06676,1070.6328
215.2251,1061.2848
203.35246,1050.7139
192.50519,1038.9948
182.73322,1026.2079
174.07967,1012.44006
166.58072,997.78296
160.26543,982.33264
155.15558,966.18945
151.26556,949.4567
148.60246,932.2404
147.16583,914.6487
146.94801,896.7908
147.93402,878.7766
150.10178,860.7162
153.42227,842.7185
157.85988,824.89124
163.3724,807.33997
169.91165,790.1676
177.4236,773.4737
185.84883,757.35376
195.12299,741.89886
205.17715,727.195
215.93835,713.3225
227.33005,700.35596
239.27267,688.36316
251.68422,677.4054
264.48065,667.5364
277.57672,658.8026
290.88635,651.24286
304.3235,644.8877
317.8025,639.7594
331.23886,635.8723
344.55,633.2318
357.656,631.83514
370.48013,631.6706
382.94962,632.71814
394.9966,634.9486
406.55872,638.3243
417.5799,642.7991
428.0114,648.31805
437.81247,654.818
446.9511,662.22736
455.40497,670.4666
463.1619,679.44855
470.22076,689.0791
476.5918,699.25726
482.29688,709.87695
487.36972,720.8273
491.8558,731.99384
495.81174,743.2607
499.3046,754.5115
502.411,765.63214
505.2155,776.5124
507.80893,787.0484
510.28607,797.14514
512.7437,806.71857
515.27795,815.6986
517.9813,824.03046
520.9407,831.6772
524.2341,838.62067
527.92883,844.8629
532.0791,850.4263
536.7242,855.35345
541.88794,859.7067
547.57733,863.566
553.7826,867.0273
560.47766,870.19995
567.62103,873.20355
575.15704,876.1647
583.01794,879.21344
591.1254,882.4798
599.3937,886.0899
607.7311,890.1633
616.0431,894.8099
624.2343,900.12683
632.21063,906.19745
639.8814,913.089
647.16077,920.85205
653.969,929.5196
660.2342,939.1077
665.8919,949.6153
670.88684,961.02484
675.1723,973.3041
678.7107,986.40656
681.4731,1000.2732
683.4393,1014.83386
684.59735,1030.009
684.94305,1045.7109
684.4798,1061.8452
683.2177,1078.3124
681.17346,1095.009
678.3698,1111.8292
674.8351,1128.6659
670.6024,1145.4108
665.7101,1161.9572
660.2001,1178.1992
654.1186,1194.034
647.515,1209.3618
640.44196,1224.0863
632.9544,1238.1158
625.10974,1251.3638
616.967,1263.7495
608.58673,1275.1981
600.0305,1285.6418
591.3604,1295.0194
582.63885,1303.277
573.92773,1310.3685
565.2889,1316.2559
556.78284,1320.9087
548.46875,1324.3044
540.40436,1326.4296
532.6451,1327.2782
525.24396,1326.8531
518.25146,1325.1653
511.7149,1322.2332
505.6782,1318.0837
500.1818,1312.7512
495.26242,1306.2776
490.95273,1298.7112
487.28107,1290.1078
484.27148,1280.5288
481.94357,1270.0424
480.31226,1258.7214
479.38782,1246.6437
479.17587,1233.8916
479.67734,1220.5514
480.88846,1206.712
482.80072,1192.466
485.40112,1177.9072
488.67224,1163.1313
492.59235,1148.2351
497.13553,1133.3154
502.27185,1118.4685
507.96774,1103.7897
514.186,1089.3728
520.88617,1075.3099
528.0249,1061.6901
535.5562,1048.5994
543.43134,1036.1201
551.59973,1024.3306
560.0092,1013.30383
568.6059,1003.10846
577.3348,993.8074
586.1404,985.4576
594.96674,978.1101
603.7576,971.8093
612.4575,966.5931
621.01117,962.4922
629.3645,959.5305
637.46484,957.7248
645.26086,957.0843
652.70355,957.6112
659.7457,959.30054
666.3431,962.13995
672.4538,966.1101
678.03937,971.18475
683.06433,977.33093
687.49677,984.5091
691.3083,992.6736
694.47437,1001.77264
696.9744,1011.7494
698.7919,1022.5415
699.9142,1034.0818
700.33307,1046.2991
700.0443,1059.118
699.04803,1072.4606
697.3482,1086.245
694.95337,1100.3877
691.8758,1114.8033
688.1316,1129.405
683.7408,1144.1053
678.7272,1158.8168
673.11774,1173.4521
666.943,1187.9249
660.23645,1202.1501
653.0344,1216.0446
645.3759,1229.5278
637.30225,1242.5221
628.85675,1254.9532
620.08453,1266.7504
611.0325,1277.8469
601.74854,1288.1809
592.2817,1297.6951
582.6814,1306.3375
572.99744,1314.0619
563.2799,1320.827
553.57825,1326.5981
543.94165,1331.3467
534.41833,1335.0497
525.0554,1337.6908
515.89856,1339.2603
506.99173,1339.7542
498.3771,1339.1753
490.0945,1337.5326
482.1815,1334.8414
474.67288,1331.1232
467.60065,1326.4048
460.99368,1320.7195
454.8774,1314.1053
449.2739,1306.6066
444.2013,1298.2722
439.67368,1289.1555
435.70087,1279.3148
432.28812,1268.8123
429.43567,1257.7137
427.13892,1246.0892
425.3876,1234.0111
424.1659,1221.5549
423.45193,1208.7985
423.21793,1195.8212
423.42978,1182.7036
424.04727,1169.5275
425.0241,1156.3741
426.30847,1143.3246
427.8431,1130.458
429.5664,1117.852
431.41312,1105.5815
433.31522,1093.7173
435.20352,1082.3253
437.00848,1071.4672
438.66205,1061.1979
440.09872,1051.5667
441.25714,1042.6155
442.08087,1034.3799
442.52,1026.888
442.53156,1020.1604
442.08026,1014.2114
441.1389,1009.0484
439.6884,1004.67267
437.71774,1001.07996
435.22366,998.26056
432.2101,996.20026
428.68777,994.88055
424.67325,994.27924
420.18854,994.3708
415.26035,995.1267
409.91937,996.5158
404.19968,998.5042
398.13828,1001.056
391.77454,1004.1332
385.14972,1007.6954
378.30673,1011.70087
371.28976,1016.10583
364.14395,1020.8649
356.91498,1025.9316
349.649,1031.2579
342.3922,1036.7947
335.19086,1042.4924
328.0906,1048.301
321.13663,1054.1698
314.3731,1060.0488
307.84308,1065.8877
301.58826,1071.6371
295.64865,1077.2488
290.0624,1082.6752
284.86575,1087.871
280.09235,1092.7922
275.77356,1097.3971
271.938,1101.6458
268.61154,1105.5015
265.81705,1108.9296
263.57425,1111.8989
261.89975,1114.3815
260.80682,1116.3522
260.3054,1117.7897
260.40207,1118.676
261.0999,1118.9967
262.39877,1118.7412
264.295,1117.9027
266.78174,1116.4779
269.84882,1114.4678
273.48282,1111.8765
277.66724,1108.7124
282.3828,1104.9872
287.60733,1100.7163
293.3158,1095.9187
299.48093,1090.6165
306.0729,1084.8352
313.0599,1078.6031
320.40805,1071.9515
328.0818,1064.9143
336.0439,1057.5278
344.256,1049.8304
352.6785,1041.863
361.2708,1033.668
369.99203,1025.289
378.8005,1016.7708
387.65463,1008.1595
396.51273,999.50146
405.33347,990.84357
414.07614,982.23267
422.70074,973.71533
431.16824,965.3377
439.44086,957.14484
447.4823,949.181
455.25778,941.48883
462.73453,934.1095
469.8818,927.082
476.67102,920.4434
483.07608,914.2286
489.07333,908.46967
494.64188,903.1961
499.76355,898.43427
504.42313,894.20764
508.6083,890.5366
512.30994,887.4384
515.5216,884.92645
518.2403,883.0112
520.466,881.69977
522.20166,880.9955
523.4534,880.8984
524.23004,881.405
524.54346,882.509
524.4081,884.2001
523.8411,886.4653
522.8621,889.2882
521.4933,892.64984
519.7586,896.5282
517.68427,900.89856
515.2982,905.73376
512.62994,911.0044
509.71024,916.679
506.5711,922.72394
503.24554,929.1042
499.7671,935.78296
496.16983,942.7222
492.48804,949.8831
488.75604,957.2258
485.0078,964.7099
481.27695,972.2946
477.5963,979.9392
473.99796,987.6029
470.51294,995.2455
467.1709,1002.82715
464.0001,1010.309
461.0272,1017.65326
458.27707,1024.8234
455.77277,1031.7842
453.53522,1038.5024
451.58322,1044.9467
449.93353,1051.0873
448.60022,1056.897
447.59525,1062.3511
446.92792,1067.4269
446.60516,1072.1049
446.63132,1076.3677
447.00824,1080.2013
447.73517,1083.594
448.80878,1086.5372
450.2234,1089.0255
451.97083,1091.0562
454.0404,1092.6292
456.41928,1093.7479
459.09235,1094.4183
462.04236,1094.6494
465.25015,1094.4525
468.6945,1093.842
472.35257,1092.8347
476.19992,1091.4495
480.21066,1089.7078
484.3576,1087.633
488.6122,1085.2505
492.94513,1082.5876
497.32593,1079.673
501.72348,1076.5365
506.10562,1073.2101
510.43954,1069.7268
514.69147,1066.1202
518.8267,1062.426
522.8094,1058.6804
526.6023,1054.9209
530.167,1051.1857
533.4635,1047.5139
536.4507,1043.9442
539.0867,1040.5153
541.3293,1037.2649
543.13696,1034.2283
544.47064,1031.4377
545.2946,1028.9202
545.57874,1026.697
545.2995,1024.7827
544.44196,1023.1834
543.00073,1021.89734
540.98083,1020.91425
538.3972,1020.21625
535.27466,1019.77875
531.6462,1019.57227
527.55206,1019.5641
523.0372,1019.71985
518.1497,1020.0057
512.93915,1020.3896
507.45447,1020.8424
501.7434,1021.33905
495.85126,1021.8583
489.82056,1022.383
483.69104,1022.9
477.49957,1023.39905
471.28052,1023.8729
465.0659,1024.3164
458.88586,1024.7261
452.76886,1025.0996
446.74176,1025.4355
440.83017,1025.7325
435.05835,1025.9897
429.4493,1026.2068
424.02484,1026.3828
418.80545,1026.5172
413.8102,1026.6094
409.05685,1026.6584
404.5615,1026.6638
400.3388,1026.6248
396.40167,1026.5404
392.76135,1026.4095
389.4272,1026.2318
386.40677,1026.0063
383.70572,1025.7319
381.3277,1025.4075
379.2745,1025.0321
377.54584,1024.605
376.13956,1024.1252
375.0515,1023.5915
374.2757,1023.0032
373.8043,1022.3588
373.62762,1021.6577
373.7344,1020.89856
374.11176,1020.07996
374.7454,1019.2007
375.61963,1018.2595
376.7176,1017.2551
378.02124,1016.1864
379.51172,1015.0519
381.1693,1013.85016
382.97363,1012.5801
384.90393,1011.24023
386.93893,1009.8295
389.05734,1008.3467
391.23782,1006.7908
393.4591,1005.1608
395.70026,1003.4561
397.94064,1001.6761
400.16028,999.82043
402.33984,997.8888
404.46085,995.8816
406.5057,993.7991
408.45792,991.64215
410.30203,989.4119
412.02383,987.10974
413.6105,984.7376
415.0505,982.29767
416.3336,979.7925
417.45108,977.2251
418.39587,974.599
419.1622,971.9177
419.74582,969.18536
420.14404,966.4064
420.35574,963.58563
420.38126,960.728
420.22235,957.8388
419.8823,954.92346
419.3657,951.9873
418.67865,949.03613
417.8285,946.07574
416.8239,943.11176
415.67465,940.14984
414.39172,937.19556
412.98724,934.2545
411.47415,931.3321
409.86642,928.43384
408.1788,925.56476
406.42673,922.7298
404.6263,919.934
402.79416,917.1822
400.94714,914.47876
399.10257,911.82806
397.27777,909.2343
395.49033,906.7015
393.75754,904.23315
392.09677,901.83295
390.52484,899.5038
389.05847,897.24884
387.71362,895.07074
386.5058,892.9718
385.44977,890.95404
384.55966,889.0194
383.8485,887.1694
383.32855,885.40515
383.0111,883.7276
382.90622,882.1374
383.02295,880.635
383.36914,879.2201
383.95132,877.89264
384.77484,876.6522
385.84378,875.4981
387.1608,874.4293
388.72714,873.4447
390.54276,872.54297
392.60614,871.7227
394.9145,870.98236
397.46344,870.3199
400.2475,869.73376
403.25967,869.2219
406.49176,868.7823
409.93427,868.4129
413.57657,868.11145
417.40686,867.8757
421.41226,867.70355
425.57895,867.59265
429.89215,867.5408
434.33627,867.54584
438.89502,867.6054
443.5515,867.7174
448.28833,867.8797
453.08777,868.0901
457.93173,868.3467
462.80194,868.6474
467.6801,868.99054
472.54797,869.3743
477.3875,869.7971
482.18073,870.25757
486.9101,870.7544
491.55847,871.2863
496.10913,871.8524
500.54605,872.4517
504.85367,873.08344
509.0172,873.74695
513.0227,874.4417
516.857,875.1673
520.508,875.9235
523.9643,876.7099
527.2157,877.5266
530.2531,878.3734
533.06824,879.2507
535.6541,880.1593
538.00397,881.1018
540.11127,882.08356
541.96857,883.11554
543.56573,884.21796
544.88934,885.42346
545.9226,886.77826
546.64716,888.3395
547.04803,890.16473
547.1199,892.2979
546.8742,894.7533
546.3427,897.5048
545.57544,900.48676
544.6343,903.60504
543.58325,906.75574
542.4804,909.8426
541.3726,912.7885
540.29456,915.53894
539.2706,918.0588
538.31805,920.3276
537.44946,922.3339
536.67474,924.0721
536.0019,925.5402
535.4377,926.7389
534.9879,927.6709
534.65674,928.34076
534.4478,928.7549
534.3636,928.9214
534.40546,928.8499
534.5736,928.55164
534.86743,928.03906
535.2849,927.32587
535.8232,926.4269
536.47833,925.35803
537.2455,924.1362
538.1186,922.7792
539.09076,921.305
540.1544,919.7325
541.30096,918.08075
542.52124,916.3689
543.8056,914.61615
545.14355,912.84186
546.524,911.06525
547.9356,909.3053
549.3666,907.5806
550.805,905.9091
552.23895,904.3081
553.656,902.79425
555.04376,901.3836
556.38983,900.09143
557.68225,898.9316
558.90936,897.9169
560.0598,897.05853
561.12274,896.367
562.0877,895.8514
562.9431,895.52075
563.6832,895.3788
564.2883,895.4381
564.7851,895.67914
565.0642,896.17035
565.4219,896.72186
564.9478,897.8839
