395.3146,2139.0383
307.61703,2253.4666
217.02167,2371.4014
123.49084,2492.6191
27.043861,2616.841
-72.2418,2743.735
-174.23055,2872.9165
-278.7295,3003.951
-385.49042,3136.3567
-494.21216,3269.6104
-604.54443,3403.1504
-716.0915,3536.3816
-828.41693,3668.6824
-941.04913,3799.4087
-1053.486,3927.9036
-1165.2013,4053.5007
-1275.6501,4175.5312
-1384.2755,4293.3315
-1490.5131,4406.247
-1593.7987,4513.6416
-1693.5725,4614.902
-1789.2853,4709.442
-1880.4036,4796.7104
-1966.4141,4876.1934
-2046.8295,4947.419
-2121.192,5009.9653
-2189.0767,5063.457
-2250.0955,5107.573
-2303.9001,5142.049
-2350.1863,5166.6763
-2388.693,5181.3086
-2419.2073,5185.8564
-2441.565,5180.2954
-2455.6501,5164.6597
-2461.3977,5139.045
-2458.793,5103.6055
-2447.8718,5058.5576
-2428.7212,5004.173
-2401.476,4940.781
-2366.3208,4868.7607
-2323.4868,4788.546
-2273.2515,4700.615
-2215.9338,4605.4946
-2151.896,4503.7495
-2081.5378,4395.9814
-2005.2959,4282.828
-1923.6403,4164.9556
-1837.0706,4043.0552
-1746.1134,3917.838
-1651.3188,3790.032
-1553.2572,3660.3774
-1452.5149,3529.6204
-1349.6909,3398.5098
-1245.3931,3267.793
-1140.2345,3138.2087
-1034.829,3010.4868
-929.7884,2885.339
-825.71796,2763.4587
-723.21295,2645.5142
-622.85547,2532.1455
-525.2099,2423.9617
-430.82077,2321.5356
-340.20865,2225.4011
-253.86755,2136.051
-172.26192,2053.9338
-95.82393,1979.4501
-24.951178,1912.951
39.995693,1854.7379
98.69489,1805.0588
150.8652,1764.1083
196.26753,1732.0261
234.70598,1708.8967
266.02884,1694.7496
290.12933,1689.5594
306.9457,1693.2456
316.4616,1705.6742
318.70575,1726.659
313.7514,1755.962
301.71576,1793.2965
282.7588,1838.3286
257.0821,1890.6791
224.92738,1949.9271
186.57457,2015.6122
142.34,2087.2375
92.574104,2164.274
37.659046,2246.1616
-21.993773,2332.316
-85.94653,2422.1306
-153.73784,2514.9797
-224.88576,2610.2239
-298.8909,2707.214
-375.23956,2805.295
-453.40717,2903.8079
-532.86145,3002.0977
-613.0657,3099.5146
-693.4824,3195.4192
-773.57635,3289.1855
-852.818,3380.2053
-930.6867,3467.8926
-1006.67377,3551.685
-1080.2859,3631.0486
-1151.0477,3705.4802
-1218.5049,3774.5117
-1282.2267,3837.711
-1341.8087,3894.6853
-1396.8751,3945.0833
-1447.0806,3988.5962
-1492.1125,4024.9612
-1531.6934,4053.9607
-1565.5813,4075.425
-1593.5719,4089.232
-1615.5,4095.3076
-1631.239,4093.627
-1640.7032,4084.2131
-1643.8478,4067.1372
-1640.6686,4042.5168
-1631.2021,4010.5164
-1615.5259,3971.3445
-1593.7577,3925.252
-1566.0544,3872.5308
-1532.6124,3813.5122
-1493.6648,3748.563
-1449.4811,3678.0828
-1400.3647,3602.5024
-1346.6526,3522.2788
-1288.7117,3437.8928
-1226.9371,3349.8452
-1161.75,3258.6526
-1093.5945,3164.843
-1022.93445,3068.9534
-950.251,2971.5237
-876.0383,2873.0933
-800.8008,2774.1968
-725.04865,2675.3594
-649.29443,2577.0947
-574.0491,2479.897
-499.81766,2384.2402
-427.09534,2290.5752
-356.3633,2199.3235
-288.08463,2110.8757
-222.70036,2025.5896
-160.626,1943.7874
-102.24767,1865.7535
-47.919033,1791.7344
2.0416708,1721.937
47.35413,1656.5287
87.77811,1595.6373
123.115105,1539.3525
153.20949,1487.7266
177.94919,1440.7756
197.26602,1398.482
211.13521,1360.7968
219.5747,1327.6416
222.64401,1298.9119
220.44258,1274.4792
213.10776,1254.1952
200.8126,1237.8931
183.76324,1225.3918
162.19623,1216.4977
136.37558,1211.0076
106.589775,1208.7118
73.14868,1209.3951
36.380543,1212.8397
-3.3711333,1218.8264
-45.75049,1227.1362
-90.39222,1237.5518
-136.92438,1249.858
-184.971,1263.8433
-234.15466,1279.3003
-284.09894,1296.0258
-334.43045,1313.8217
-384.78134,1332.4952
-434.79105,1351.8591
-484.10822,1371.7317
-532.3926,1391.9368
-579.3164,1412.3044
-624.5665,1432.6708
-667.84515,1452.8778
-708.87177,1472.7745
-747.3841,1492.2164
-783.1392,1511.0658
-815.91504,1529.192
-845.51086,1546.4718
-871.7483,1562.79
-894.4719,1578.0392
-913.5502,1592.1201
-928.8755,1604.9426
-940.36505,1616.4253
-947.9606,1626.4958
-951.62854,1635.0914
-951.3606,1642.1587
-947.1728,1647.6548
-939.10535,1651.546
-927.2225,1653.8091
-911.6118,1654.4309
-892.3833,1653.4083
-869.6685,1650.7482
-843.6199,1646.467
-814.4095,1640.5914
-782.2277,1633.1572
-747.28217,1624.2092
-709.7959,1613.8018
-670.0063,1601.9968
-628.1634,1588.8644
-584.52844,1574.4824
-539.3717,1558.9359
-492.97113,1542.3159
-445.61044,1524.7192
-397.57755,1506.2483
-349.1623,1487.0098
-300.6551,1467.1145
-252.34486,1446.6757
-204.51741,1425.8098
-157.45357,1404.6348
-111.42756,1383.2693
-66.70529,1361.8326
-23.542786,1340.4432
17.815315,1319.2186
57.137234,1298.2743
94.20536,1277.7231
128.81757,1257.6747
160.78825,1238.2347
189.94955,1219.5046
216.15211,1201.5804
239.2659,1184.5524
259.181,1168.5045
275.80804,1153.5146
289.07867,1139.6528
298.94586,1126.9823
305.38403,1115.5581
308.3891,1105.4275
307.97827,1096.6287
304.19003,1089.1925
297.0835,1083.1403
286.738,1078.485
273.2527,1075.2308
256.74542,1073.3735
237.35225,1072.8995
215.22632,1073.7875
190.53671,1076.0078
163.46756,1079.5223
134.21661,1084.2855
102.99395,1090.2448
70.020706,1097.34
35.527565,1105.5045
-0.24669933,1114.6659
-37.056774,1124.7458
-74.65233,1135.6608
-112.7796,1147.323
-151.183,1159.6405
-189.60669,1172.518
-227.79614,1185.8575
-265.49976,1199.5591
-302.4703,1213.5205
-338.46658,1227.6398
-373.2546,1241.8142
-406.60938,1255.9415
-438.31583,1269.9205
-468.17038,1283.6519
-495.98212,1297.0388
-521.5736,1309.9868
-544.7822,1322.4055
-565.46094,1334.2081
-583.479,1345.3125
-598.723,1355.6416
-611.0971,1365.1237
-620.52374,1373.6932
-626.9439,1381.2909
-630.31744,1387.8634
-630.62317,1393.3647
-627.8587,1397.7563
-622.0408,1401.0065
-613.20447,1403.0907
-601.4033,1403.9926
-586.7088,1403.7029
-569.20953,1402.2197
-549.0108,1399.5492
-526.23364,1395.7045
-501.0143,1390.706
-473.50272,1384.5808
-443.86176,1377.3632
-412.26624,1369.093
-378.9014,1359.8167
-343.96176,1349.5854
-307.64975,1338.4556
-270.17404,1326.488
-231.74826,1313.747
-192.58946,1300.2997
-152.91643,1286.2156
-112.94806,1271.5658
-72.90184,1256.4218
-32.992138,1240.8551
6.571453,1224.9357
45.58566,1208.7323
83.8551,1192.3109
121.19379,1175.7336
157.42654,1159.0586
192.39026,1142.3389
225.9351,1125.6223
257.9256,1108.9507
288.2414,1092.3599
316.7781,1075.8788
343.4477,1059.5303
368.1788,1043.3307
390.91693,1027.2905
411.62408,1011.41455
430.27878,995.7026
446.8753,980.15015
461.42313,964.7496
473.94595,949.49036
484.48083,934.3608
493.07693,919.3485
499.79456,904.44183
504.70364,889.6308
507.8828,874.9079
509.4178,860.26886
509.4004,845.7138
507.92734,831.2474
505.09903,816.87946
501.01877,802.6253
495.7916,788.506
489.5234,774.54803
482.32062,760.78326
474.2892,747.24866
465.53433,733.9856
456.15988,721.0397
446.268,708.4597
435.9589,696.29724
425.3305,684.60583
414.4783,673.43976
403.49506,662.85406
392.47067,652.90283
381.49207,643.63916
370.64273,635.1142
360.00296,627.3762
349.64935,620.4703
339.65485,614.4377
330.08817,609.3151
321.01398,605.1345
312.4927,601.9228
304.58005,599.7011
297.327,598.48505
290.77957,598.28436
284.97873,599.1027
279.96005,600.9376
275.75388,603.7806
272.38504,607.6168
269.8727,612.42584
268.23047,618.1811
267.46616,624.85046
267.5821,632.39636
268.5749,640.7761
270.4355,649.94196
273.14966,659.8417
276.69766,670.4187
281.0546,681.6126
286.19055,693.3595
292.0709,705.5924
298.65656,718.2416
305.90417,731.2353
313.76648,744.4998
322.19257,757.9603
331.1283,771.5411
340.51654,785.16614
350.29767,798.7594
360.40985,812.2455
370.78955,825.55005
381.3719,838.6003
392.09097,851.3252
402.88046,863.6562
413.67392,875.52734
424.405,886.8761
435.0083,897.64307
445.41946,907.7731
455.57568,917.2147
465.416,925.9212
474.88165,933.8504
483.91656,940.9654
492.46753,947.23395
500.4846,952.6292
507.92145,957.12994
514.7355,960.72034
520.88824,963.39014
526.3454,965.1346
531.0771,965.9545
535.05835,965.8565
538.2686,964.85254
540.6924,962.95966
542.3188,960.20056
543.1422,956.6029
543.1618,952.19885
542.3818,947.0256
540.8112,941.12445
538.46405,934.54095
535.3588,927.3242
531.51855,919.5271
526.97076,911.2053
521.74725,902.41736
515.8835,893.2242
509.4191,883.68866
502.3969,873.87537
494.86298,863.84985
486.8662,853.6785
478.4582,843.4282
469.69278,833.1657
460.62558,822.9571
451.3137,812.86786
441.81567,802.9622
432.1906,793.30273
422.49823,783.94977
412.79822,774.96155
403.14996,766.3934
393.61224,758.2977
384.24286,750.7236
375.0981,743.7164
366.23276,737.31775
357.6994,731.565
349.54843,726.4914
341.82745,722.12555
334.58127,718.4914
327.85147,715.6084
321.67627,713.4908
316.09015,712.1481
311.124,711.5849
306.80453,711.8011
303.15448,712.7912
300.19232,714.54535
297.9322,717.04877
296.3839,720.282
295.5529,724.2214
295.44016,728.8387
296.04227,734.1019
297.35147,739.97546
299.35583,746.4198
302.03897,753.3924
305.38052,760.84796
309.35617,768.7387
313.9376,777.0148
319.0928,785.6248
324.78632,794.51624
330.9791,803.63605
337.62878,812.9312
344.69,822.3491
352.11438,831.8386
359.85077,841.35046
367.84543,850.8379
376.04224,860.2575
384.3829,869.5699
392.80722,878.74036
401.25345,887.73944
409.65854,896.5437
417.95865,905.1358
426.08975,913.50543
433.98804,921.6492
441.59085,929.57007
448.83725,937.27826
455.6691,944.7899
462.03192,952.12714
467.87604,959.3163
473.15765,966.38763
477.8398,973.37354
481.8936,980.3075
485.29892,987.22217
488.04562,994.1475
490.13388,1001.1101
491.57465,1008.13086
492.38992,1015.22406
492.61267,1022.39636
492.28632,1029.6456
491.46402,1036.9604
490.2079,1044.3208
488.5875,1051.697
486.67865,1059.0509
484.56168,1066.3368
482.31964,1073.5026
480.0369,1080.4902
477.79718,1087.2385
475.68192,1093.6837
473.76892,1099.7611
472.13095,1105.4069
470.8346,1110.5592
469.93942,1115.1597
469.4974,1119.1544
469.55228,1122.4952
470.13953,1125.14
471.28613,1127.053
473.011,1128.2057
475.32483,1128.5771
478.23093,1128.1532
481.72525,1126.9271
485.79715,1124.8995
490.42984,1122.0776
495.60098,1118.475
501.2832,1114.1115
507.44455,1109.0132
514.0491,1103.211
521.05743,1096.741
528.4273,1089.6439
536.1136,1081.9647
544.0694,1073.7521
552.24585,1065.0581
560.593,1055.9373
569.0597,1046.4478
577.5945,1036.6487
586.1455,1026.6017
594.6613,1016.369
603.0908,1006.01447
611.3836,995.60175
619.49066,985.19476
627.36426,974.8572
634.95825,964.65186
642.22864,954.6406
649.13367,944.88367
655.63403,935.43933
661.69305,926.36383
667.2774,917.71075
672.3562,909.5308
676.90247,901.87177
680.89215,894.77747
684.3052,888.28864
687.1246,882.4417
689.33765,877.26917
690.9351,872.7991
691.91174,869.0552
692.26587,866.0566
691.99976,863.81793
691.1194,862.34875
689.63434,861.6542
687.5579,861.73444
684.9068,862.585
681.70123,864.1969
677.9646,866.55615
673.7232,869.64484
669.0065,873.44025
663.8461,877.9158
658.27686,883.04065
652.33514,888.78033
646.05963,895.09705
639.4909,901.9492
632.6707,909.29254
625.6421,917.0802
618.44916,925.2628
611.1365,933.7887
603.74927,942.60455
596.3327,951.6557
588.93164,960.8866
581.5908,970.2404
574.35394,979.66046
567.2639,989.0899
560.3623,998.472
553.68945,1007.751
547.2837,1016.8719
541.1813,1025.7812
535.4165,1034.427
530.02136,1042.7594
525.0252,1050.7307
520.4547,1058.2957
516.33374,1065.4121
512.6829,1072.0403
509.5201,1078.1444
506.85986,1083.6915
504.7135,1088.6528
503.0891,1093.003
501.9912,1096.7206
501.42126,1099.7882
501.37738,1102.1925
501.85434,1103.9246
502.84372,1104.9794
504.33383,1105.3561
506.3101,1105.058
508.7548,1104.0928
511.64767,1102.4718
514.96564,1100.2106
518.683,1097.3286
522.7717,1093.8481
527.2019,1089.7963
531.94135,1085.2025
536.95624,1080.0996
542.2113,1074.5236
547.6699,1068.5128
553.2942,1062.1078
559.0457,1055.3519
564.8853,1048.2897
570.77356,1040.9675
576.67096,1033.4331
582.538,1025.735
588.3357,1017.92206
594.0257,1010.04407
599.5705,1002.15045
604.9338,994.2904
610.0805,986.51276
614.977,978.86523
619.5915,971.39435
623.8941,964.1452
627.8571,957.1612
631.4551,950.4837
634.66473,944.1517
637.46576,938.20166
639.84033,932.6674
641.77374,927.5796
643.2541,922.9654
644.27264,918.8489
644.82404,915.24994
644.90643,912.18463
644.5215,909.6643
643.6747,907.69574
642.3758,906.2807
640.6388,905.4154
638.482,905.09
635.9287,905.2887
633.0073,905.9889
629.7515,907.161
626.2001,908.7684
622.39734,910.76715
618.39294,913.10645
614.24133,915.7289
610.0012,918.5713
605.73486,921.5655
601.5069,924.6406
597.3827,927.7242
593.4268,930.7445
589.70123,933.6333
586.26337,936.3281
583.16364,938.775
580.44403,940.9308
578.136,942.7651
576.2595,944.26245
574.82166,945.4231
573.81647,946.26294
573.2251,946.8138
573.0162,947.1221
573.1475,947.2465
573.5676,947.25616
574.2175,947.2275
575.0335,947.24133
575.9489,947.3797
576.89685,947.7229
577.8119,948.34644
578.6323,949.31903
579.3014,950.7006
579.7684,952.54095
579.9898,954.8788
579.9293,957.74176
579.55804,961.1463
578.8544,965.098
577.8036,969.5926
576.39746,974.6165
574.6337,980.14795
572.51514,986.15814
570.04944,992.6121
567.24817,999.4694
564.1266,1006.6857
560.7031,1014.2129
556.9987,1022.0001
553.0368,1029.9945
548.8427,1038.1417
544.4434,1046.386
539.8671,1054.6713
535.14325,1062.9418
530.3023,1071.1417
525.37524,1079.2162
520.39374,1087.1113
515.3894,1094.7745
510.39395,1102.1554
505.4391,1109.2051
500.5559,1115.8776
495.77515,1122.1293
491.12662,1127.9196
486.6394,1133.2108
482.34143,1137.969
478.25925,1142.1633
474.41812,1145.7671
470.84164,1148.7572
467.55185,1151.1146
464.56873,1152.8241
461.91055,1153.875
459.59335,1154.2603
457.63123,1153.9775
456.03595,1153.0284
454.81708,1151.4185
453.9819,1149.1577
453.53534,1146.2603
453.4799,1142.7438
453.81583,1138.6296
454.541,1133.9431
455.65094,1128.7129
457.13892,1122.9707
458.99594,1116.7515
461.21085,1110.0928
463.77045,1103.0349
466.65942,1095.6204
469.86072,1087.8936
473.3553,1079.9009
477.12253,1071.6897
481.14035,1063.3091
485.38525,1054.8085
489.8324,1046.2382
494.456,1037.6483
499.22922,1029.0892
504.12457,1020.6107
509.11395,1012.2616
514.16895,1004.0899
519.26074,996.14233
524.3606,988.4638
529.43994,981.0977
534.4706,974.08496
539.4245,967.46436
544.2747,961.272
548.9948,955.541
553.5594,950.30206
557.9443,945.582
562.12646,941.4047
566.0843,937.7908
569.798,934.75696
573.2489,932.3168
576.42053,930.47974
579.298,929.2519
581.86835,928.6355
584.12067,928.62915
586.046,929.22784
587.63745,930.4227
588.89026,932.20166
589.80164,934.54913
590.3711,937.4463
590.60004,940.87085
590.4921,944.79785
590.0528,949.1993
589.28955,954.0445
588.2119,959.3006
586.8309,964.9322
585.1594,970.902
583.21216,977.17114
581.0053,983.6989
578.55634,990.44354
575.8841,997.3623
573.00854,1004.4115
569.95074,1011.5472
566.7326,1018.7252
563.37683,1025.9014
559.9068,1033.032
556.3464,1040.0739
552.71954,1046.9849
549.05066,1053.7238
545.36395,1060.2509
541.6837,1066.5277
538.0336,1072.5182
534.4373,1078.1877
530.9176,1083.5046
527.49664,1088.4391
524.1958,1092.9642
521.0354,1097.0555
518.03485,1100.6913
515.2121,1103.8533
512.58417,1106.5259
510.1663,1108.6969
507.9724,1110.3574
506.0149,1111.5016
504.30447,1112.1267
502.85022,1112.2335
501.65936,1111.8259
500.73755,1110.9106
500.08838,1109.498
499.71378,1107.6014
499.61377,1105.2368
499.78647,1102.4233
500.228,1099.1829
500.93262,1095.5399
501.89236,1091.5219
503.09683,1087.1586
504.53308,1082.4834
506.1852,1077.5322
508.03363,1072.3442
510.0546,1066.963
512.21924,1061.4359
514.493,1055.815
516.8343,1050.158
519.1945,1044.528
521.517,1038.9934
523.73804,1033.6273
525.78735,1028.5061
527.5901,1023.7069
529.06976,1019.3051
530.15204,1015.3702
530.7697,1011.961
530.86707,1009.1214
530.405,1006.8758
529.36554,1005.2258
527.7542,1004.1482
525.60236,1003.5943
522.96576,1003.49133
519.923,1003.746
516.57104,1004.2493
513.01984,1004.8823
509.3865,1005.5227
505.7894,1006.0507
502.34222,1006.35504
499.14957,1006.33673
496.3038,1005.9126
493.88287,1005.0163
491.9496,1003.59863
490.55176,1001.62695
489.72342,999.084
489.4861,995.9651
489.85052,992.2772
490.81818,988.0364
492.38275,983.2661
494.53156,977.9962
497.24622,972.26117
500.504,966.0993
504.27792,959.55225
508.53766,952.6641
513.24976,945.48096
518.37805,938.05054
523.884,930.4218
529.7269,922.6446
535.86456,914.7692
542.25275,906.8464
548.8464,898.9264
555.5994,891.0593
562.4649,883.2945
569.3957,875.68024
576.3444,868.2634
583.2642,861.08954
590.10864,854.2019
596.8318,847.642
603.3889,841.44885
609.7367,835.6587
615.8333,830.3051
621.6388,825.41864
627.11523,821.0267
632.2272,817.1533
636.9414,813.819
641.22766,811.0408
645.0584,808.8322
648.4093,807.20276
651.259,806.15845
653.5893,805.7015
655.3858,805.8302
656.6373,806.5394
657.33624,807.82043
657.4784,809.6606
657.0632,812.044
656.0938,814.9516
654.5766,818.3608
652.52136,822.2462
649.9415,826.5795
646.8535,831.32983
643.2771,836.46387
639.2347,841.946
634.752,847.73865
629.8571,853.8029
624.5807,860.09784
618.9556,866.5817
613.0169,873.21185
606.8012,879.9448
600.34686,886.7368
593.69354,893.5442
586.882,900.32306
579.9538,907.03046
572.951,913.6238
565.9158,920.06177
558.89087,926.30396
551.9181,932.3118
545.0391,938.0481
538.29486,943.47766
531.72504,948.56757
525.3683,953.2869
519.2619,957.6074
513.4411,961.5034
507.93942,964.95215
502.78824,967.9336
498.01663,970.4307
493.65128,972.4297
489.7162,973.91974
486.23273,974.89355
483.2194,975.3467
480.6918,975.2782
478.66248,974.6905
477.14087,973.5889
476.13327,971.9822
475.643,969.8819
475.67014,967.3028
476.21158,964.26263
477.2612,960.7816
478.8099,956.8828
480.8456,952.59174
483.35336,947.9361
486.31543,942.94586
489.71155,937.65283
493.51886,932.0905
497.7123,926.294
502.26465,920.29944
507.14655,914.1443
512.32697,907.8666
517.77344,901.5051
523.45184,895.09894
529.32715,888.6871
535.3634,882.3086
541.52356,876.0021
547.7706,869.80536
554.0671,863.75555
560.3751,857.88885
566.6577,852.2399
572.8778,846.842
578.99927,841.7268
584.9867,836.9241
590.8057,832.4615
596.4235,828.36456
601.8083,824.65643
606.9303,821.35785
611.7613,818.4869
616.2752,816.0591
620.4482,814.0872
624.2584,812.58093
627.6866,811.5476
630.71576,810.9912
633.33167,810.91315
635.52264,811.3117
637.2798,812.1825
638.59674,813.5184
639.4702,815.3093
639.8993,817.54266
639.88617,820.2032
639.4354,823.2734
638.55457,826.73315
637.2534,830.5605
635.54456,834.731
633.44275,839.21875
630.96515,843.9957
628.1311,849.0329
624.9618,854.2994
621.4805,859.7633
617.71234,865.392
613.68365,871.1519
609.4223,877.0091
604.9575,882.92883
600.3196,888.87616
595.53986,894.8155
590.6513,900.7091
585.689,906.5157
580.69147,912.1862
575.70245,917.65924
570.77313,922.85596
565.96246,927.67847
561.33514,932.01416
556.95685,935.7499
552.8851,938.7934
549.16034,941.0968
545.7995,942.67145
542.7953,943.58887
540.1225,943.96423
537.7478,943.93024
535.63934,943.6117
533.77313,943.1087
532.1351,942.492
530.71924,941.80725
529.52563,941.0821
528.55634,940.3335
527.8145,939.57306
527.30286,938.80975
527.02264,938.0514
526.9743,937.3051
527.15656,936.57776
527.5667,935.8759
528.20105,935.20593
529.054,934.57404
530.11865,933.9862
531.3868,933.448
532.84924,932.9647
534.4951,932.54126
536.3129,932.182
538.2898,931.8912
540.4118,931.6722
542.66437,931.52814
545.03186,931.4619
547.4984,931.4754
550.04724,931.57007
552.6612,931.74695
555.32294,932.0063
558.0147,932.3481
560.7184,932.7717
563.41626,933.2759
566.09064,933.8589
568.7239,934.51843
571.29877,935.2517
573.79846,936.05554
576.20667,936.9265
578.5077,937.8602
580.6866,938.8522
582.72943,939.8975
584.6229,940.9908
586.35486,942.1266
587.9134,943.299
589.29047,944.50244
590.47156,945.7295
591.46497,946.9764
592.2186,948.22815
592.8593,949.5047
592.9998,950.71796
